2.522376002161763608e+00
2.205074997618794441e+00
1.635102991713210940e+00
1.875924994237720966e+00
1.729437004541978240e+00
1.453332995879463851e+00
1.508237008238211274e+00
1.692013000138103962e+00
1.524402992799878120e+00
1.360944006592035294e+00
1.321682997513562441e+00
1.371782011119648814e+00
1.367577002383768559e+00
1.284231999306939542e+00
1.322690004599280655e+00
1.509324007201939821e+00
1.244350991328246891e+00
1.393325001117773354e+00
1.170091010862961411e+00
1.124382994021289051e+00
1.100153996958397329e+00
1.140477004810236394e+00
1.000710006337612867e+00
9.983689960790798068e-01
9.963669872377067804e-01
1.164594010333530605e+00
1.192798998090438545e+00
1.111511010094545782e+00
1.197122008306905627e+00
1.447934992029331625e+00
1.235696996445767581e+00
1.092003003577701747e+00
1.504789004684425890e+00
1.562460995046421885e+00
1.393747996189631522e+00
1.434724006685428321e+00
1.476328005082905293e+00
1.382107002427801490e+00
1.451824005926027894e+00
1.519295008620247245e+00
1.201274004415608943e+00
1.271532993996515870e+00
1.271395012736320496e+00
1.263625003048218787e+00
1.132583987782709301e+00
1.331564999418333173e+00
1.189632006571628153e+00
1.256553005077876151e+00
1.109965000068768859e+00
1.280861004488542676e+00
1.223407991346903145e+00
1.353607003693468869e+00
1.480373000958934426e+00
1.261597994016483426e+00
1.337551002507098019e+00
1.326328012510202825e+00
1.350657999864779413e+00
1.319887000136077404e+00
1.278578987694345415e+00
1.241446007043123245e+00
1.270357999601401389e+00
1.211551003507338464e+00
1.154230994870886207e+00
1.321185001870617270e+00
1.145401009125635028e+00
1.214394011185504496e+00
1.388680000673048198e+00
1.426650997018441558e+00
1.378970002406276762e+00
1.278315001400187612e+00
1.284293000935576856e+00
1.336372995865531266e+00
1.360623995424248278e+00
1.360010995995253325e+00
1.219508994836360216e+00
1.271434011869132519e+00
1.203406005515716970e+00
1.289388994337059557e+00
1.273269997909665108e+00
1.575785994646139443e+00
1.456717989640310407e+00
1.460272003896534443e+00
1.487953995820134878e+00
1.391884987242519855e+00
1.372523998725228012e+00
1.477612997405230999e+00
1.494451993494294584e+00
1.414432001183740795e+00
1.399002998368814588e+00
1.475216005928814411e+00
1.386631993227638304e+00
1.678557004197500646e+00
1.473471013014204800e+00
1.430939009878784418e+00
1.260443998035043478e+00
1.219598008901812136e+00
1.270985012524761260e+00
1.307019003434106708e+00
1.283979989239014685e+00
1.270403998205438256e+00
1.205477994517423213e+00
1.235290008480660617e+00
1.173155993456020951e+00
1.292396991630084813e+00
1.238177996128797531e+00
1.319528993917629123e+00
1.211786991916596889e+00
1.124881004216149449e+00
1.204243992106057703e+00
1.304759003687649965e+00
1.346805001958273351e+00
2.171650005038827658e+00
2.096868993248790503e+00
1.940788002684712410e+00
1.931256992975249887e+00
1.964576993486844003e+00
3.154152000206522644e+00
2.840293993358500302e+00
3.077654007938690484e+00
2.756280999165028334e+00
2.923431005910970271e+00
2.487300997017882764e+00
1.450153009500354528e+00
1.353904997813515365e+00
1.299063005717471242e+00
1.362416995107196271e+00
1.386482006637379527e+00
1.417289997334592044e+00
1.283021993003785610e+00
1.171733994851820171e+00
1.164383007562719285e+00
1.118040003348141909e+00
1.137072002165950835e+00
1.162741988082416356e+00
1.074580999556928873e+00
1.066250988515093923e+00
1.101985995774157345e+00
9.685450058896094561e-01
1.139337007771246135e+00
1.198255005874671042e+00
1.192627998534590006e+00
1.239060991792939603e+00
1.273289002710953355e+00
1.481325001805089414e+00
1.587896011187694967e+00
1.412500991136766970e+00
1.419692009221762419e+00
1.374023006064817309e+00
1.390892997733317316e+00
1.329145990894176066e+00
1.268562002223916352e+00
1.272366003831848502e+00
1.364697003737092018e+00
1.307767000980675220e+00
1.268816005904227495e+00
1.140963999205268919e+00
1.194355005281977355e+00
1.355568994767963886e+00
1.331879000645130873e+00
1.362636001431383193e+00
1.400310007738880813e+00
1.390227000229060650e+00
1.325271005043759942e+00
1.199281992739997804e+00
1.207442008308134973e+00
1.310389008722268045e+00
1.304205012274906039e+00
1.202995001222006977e+00
1.271000000997446477e+00
1.284729994949884713e+00
1.388782999129034579e+00
1.349576996290124953e+00
1.355929998680949211e+00
1.320898998528718948e+00
1.348006000625900924e+00
1.300290008657611907e+00
1.298250994295813143e+00
1.409899996360763907e+00
1.347001991234719753e+00
1.268731997697614133e+00
1.247894004336558282e+00
1.318413997069001198e+00
1.392188001773320138e+00
1.339700000244192779e+00
1.199466001708060503e+00
1.287881997996009886e+00
1.358466994133777916e+00
1.257165000424720347e+00
1.287738996325060725e+00
1.210677000926807523e+00
1.479052007198333740e+00
1.468300994019955397e+00
1.516979988082312047e+00
1.668277996941469610e+00
1.492690993472933769e+00
1.494664000347256660e+00
1.488340989453718066e+00
1.504562998889014125e+00
1.533966002170927823e+00
1.563819998409599066e+00
1.613175001693889499e+00
1.636348999454639852e+00
1.562657998874783516e+00
1.680650995695032179e+00
2.324979999684728682e+00
4.078347003087401390e+00
2.427578001515939832e+00
2.744169993093237281e+00
1.427739000064320862e+00
1.558934003696776927e+00
1.785617001587525010e+00
1.496755998232401907e+00
1.946764998137950897e+00
1.526045001810416579e+00
1.379191002342849970e+00
1.490598995587788522e+00
1.561448996653780341e+00
1.554761998704634607e+00
1.304612000240013003e+00
1.452140000765211880e+00
1.394762002746574581e+00
1.342418996500782669e+00
3.533060007612220943e+00
3.344632990774698555e+00
1.981832989258691669e+00
1.987997995456680655e+00
1.866994993179105222e+00
1.829079992603510618e+00
1.631844002986326814e+00
1.392063990351743996e+00
1.486383989686146379e+00
1.471897005103528500e+00
1.320744006079621613e+00
1.349812999251298606e+00
1.316232999670319259e+00
1.431141994544304907e+00
1.386705989716574550e+00
1.401878005708567798e+00
1.285029007703997195e+00
1.239976001670584083e+00
1.279539996176026762e+00
1.030049999826587737e+00
9.910740045597776771e-01
9.493849938735365868e-01
1.067442004568874836e+00
1.083123992430046201e+00
9.235439938493072987e-01
9.760230022948235273e-01
9.638260089559480548e-01
1.086978998500853777e+00
1.259708005818538368e+00
1.242671991349197924e+00
1.223871004185639322e+00
1.269315995159558952e+00
1.532373004010878503e+00
1.326657002209685743e+00
1.394706996507011354e+00
1.337901994702406228e+00
1.406951996614225209e+00
1.499082994996570051e+00
1.330319006228819489e+00
1.363201998174190521e+00
1.434677003999240696e+00
1.478281003073789179e+00
1.297263996093533933e+00
1.414265992934815586e+00
1.367567005218006670e+00
1.402919995598495007e+00
1.283899997361004353e+00
1.450543000828474760e+00
1.473787997383624315e+00
1.586565005709417164e+00
1.790599999367259443e+00
1.606335994438268244e+00
1.598286005901172757e+00
1.577511997311376035e+00
1.390760997310280800e+00
1.226955995662137866e+00
1.301682001212611794e+00
1.135394995799288154e+00
1.221882994286715984e+00
1.169048002338968217e+00
1.260206001461483538e+00
1.289469000766985118e+00
1.281521996133960783e+00
1.285249993088655174e+00
1.247015010449104011e+00
1.356228996883146465e+00
1.384741000947542489e+00
1.130161996115930378e+00
1.197164994664490223e+00
1.282600002014078200e+00
1.313567001488991082e+00
1.264378006453625858e+00
1.300249001360498369e+00
1.273871006560511887e+00
1.165214009233750403e+00
1.184115011710673571e+00
1.172985008452087641e+00
1.230374997248873115e+00
1.197279998450540006e+00
1.502554005128331482e+00
1.482919993577525020e+00
1.574806999997235835e+00
1.504832005593925714e+00
1.345316995866596699e+00
1.437284008716233075e+00
1.538174998131580651e+00
1.471219002269208431e+00
1.410238997777923942e+00
1.545103994430974126e+00
1.513275012257508934e+00
1.529993998701684177e+00
1.577692004502750933e+00
1.493367992225103080e+00
1.452251002774573863e+00
1.284986996324732900e+00
1.295220994506962597e+00
1.225690997671335936e+00
1.200743994559161365e+00
1.278278010431677103e+00
1.350349994027055800e+00
1.164303001132793725e+00
1.211656999657861888e+00
1.252547997864894569e+00
1.135796002927236259e+00
1.091226004064083099e+00
1.208206012961454690e+00
1.134686011937446892e+00
1.229482004418969154e+00
1.208023997605778277e+00
1.189051996334455907e+00
1.137774001108482480e+00
1.851424007327295840e+00
1.558008007123135030e+00
1.638311994611285627e+00
1.636680986848659813e+00
1.639624999370425940e+00
1.492337003583088517e+00
1.422710993210785091e+00
1.541222009109333158e+00
1.416120998328551650e+00
1.336045999778434634e+00
1.352809995296411216e+00
1.298186994972638786e+00
1.169508002931252122e+00
1.139985994086600840e+00
1.311104002525098622e+00
1.403244998073205352e+00
1.186066991067491472e+00
1.197955993120558560e+00
1.096391002647578716e+00
9.575150033924728632e-01
9.577240125508978963e-01
8.833710016915574670e-01
8.713220013305544853e-01
8.998299890663474798e-01
9.847870096564292908e-01
1.010020001558586955e+00
8.979129925137385726e-01
9.418109984835609794e-01
1.086878997739404440e+00
1.104667011532001197e+00
1.125491995480842888e+00
1.125502996728755534e+00
1.360840004053898156e+00
1.275282993447035551e+00
1.184540000394918025e+00
1.249453009222634137e+00
1.230801994097419083e+00
1.186106994282454252e+00
1.291888998821377754e+00
2.300022999406792223e+00
1.182945998152717948e+00
1.227817992912605405e+00
1.227474000188522041e+00
1.141187996836379170e+00
1.128364005126059055e+00
1.291783002670854330e+00
1.197965990286320448e+00
1.170105009805411100e+00
1.182321007945574820e+00
1.232290000189095736e+00
1.183717002277262509e+00
1.250820001587271690e+00
1.364837997243739665e+00
1.249131993972696364e+00
1.132277000579051673e+00
1.231959002325311303e+00
1.208311994560062885e+00
1.224255000124685466e+00
1.238199998624622822e+00
1.244754996150732040e+00
1.188779002404771745e+00
1.320358001976273954e+00
1.215848998981527984e+00
1.313208005740307271e+00
1.298732997383922338e+00
1.329053993686102331e+00
1.350792997982352972e+00
1.175119003164581954e+00
1.203330000862479210e+00
1.268186009838245809e+00
1.274034002562984824e+00
1.377117005176842213e+00
1.295788999414071441e+00
1.329399994574487209e+00
1.255074006621725857e+00
1.236251991940662265e+00
1.278155003092251718e+00
1.287963998038321733e+00
1.268025996978394687e+00
1.560924996738322079e+00
1.553573994897305965e+00
1.634194006328471005e+00
1.667089993134140968e+00
1.476594989071600139e+00
1.427246999810449779e+00
1.568566003697924316e+00
1.562689998536370695e+00
1.539541000965982676e+00
1.526578998891636729e+00
1.506492000771686435e+00
1.639968002564273775e+00
1.579862000653520226e+00
1.522561986348591745e+00
1.558222007588483393e+00
1.349521000520326197e+00
1.245117004145868123e+00
1.231718997587449849e+00
1.297127004363574088e+00
1.205145003041252494e+00
1.390477002132683992e+00
1.246040003024972975e+00
1.304233999690040946e+00
1.250207002158276737e+00
1.158248996944166720e+00
1.288757004658691585e+00
1.289361985982395709e+00
1.253995011211372912e+00
1.277375995414331555e+00
1.231278001796454191e+00
1.236258991411887109e+00
1.164826011518016458e+00
1.785403990652412176e+00
1.703428992186672986e+00
1.898333997814916074e+00
1.777863988536410034e+00
1.744651002809405327e+00
1.570540000102482736e+00
1.500220998423174024e+00
1.482291001593694091e+00
1.575300993863493204e+00
1.455823003198020160e+00
1.282287994399666786e+00
1.214999007061123848e+00
1.225198997417464852e+00
1.414961006958037615e+00
1.469123992137610912e+00
1.534440001705661416e+00
1.525020998087711632e+00
1.409459990100003779e+00
1.217748998897150159e+00
1.124289992731064558e+00
1.018644994474016130e+00
1.091906000510789454e+00
1.035517998388968408e+00
9.685390105005353689e-01
9.557840094203129411e-01
9.094029956031590700e-01
1.176341000245884061e+00
1.254464004887267947e+00
1.314497989369556308e+00
1.237111995578743517e+00
1.182764011900871992e+00
1.180327002657577395e+00
1.475862009101547301e+00
1.407074989401735365e+00
1.400537992594763637e+00
1.537634001579135656e+00
1.495081000030040741e+00
1.424535992555320263e+00
1.276991999475285411e+00
1.369260004139505327e+00
1.351457001874223351e+00
1.362102004350163043e+00
1.311339001404121518e+00
1.369218996842391789e+00
1.335778986685909331e+00
1.446224006940610707e+00
1.346181990811601281e+00
1.297533002798445523e+00
1.266806997591629624e+00
1.391846002661623061e+00
1.266210005269385874e+00
1.423207999323494732e+00
1.428728995961137116e+00
1.367439006571657956e+00
1.417749997926875949e+00
1.456768004572950304e+00
1.526343010482378304e+00
1.478386999224312603e+00
1.479036000091582537e+00
1.418645988451316953e+00
1.352202001726254821e+00
1.266226012376137078e+00
1.320765004493296146e+00
1.437419006833806634e+00
1.498429002822376788e+00
1.412429992342367768e+00
1.452671000151894987e+00
1.393704995280131698e+00
1.432125005521811545e+00
1.488338006311096251e+00
1.459535997128114104e+00
1.619258007849566638e+00
1.239167002495378256e+00
1.253993003047071397e+00
1.323481003055348992e+00
1.294773988774977624e+00
1.414561993442475796e+00
3.335471992613747716e+00
1.704830996459349990e+00
1.610325998626649380e+00
1.614646011148579419e+00
1.476421995903365314e+00
1.658266002777963877e+00
1.464486005716025829e+00
1.511331996880471706e+00
1.798907003831118345e+00
1.766511995811015368e+00
1.638339992496185005e+00
1.587256003404036164e+00
1.526651001768186688e+00
1.653598999837413430e+00
1.480949998949654400e+00
1.545085993711836636e+00
1.502846003859303892e+00
1.234275012393482029e+00
1.276798997423611581e+00
1.321154006291180849e+00
1.302121003391221166e+00
1.269678003154695034e+00
1.396656996803358197e+00
1.265719998627901077e+00
1.290075000724755228e+00
1.222806007717736065e+00
1.229847999638877809e+00
1.164279005024582148e+00
1.275074988370761275e+00
1.223113999003544450e+00
1.148533992818556726e+00
1.282268000068143010e+00
1.335189008386805654e+00
1.360226000542752445e+00
1.789661997463554144e+00
1.601662996108643711e+00
1.541085992357693613e+00
1.589043997228145599e+00
1.621269009774550796e+00
1.299837997066788375e+00
1.264716003788635135e+00
1.402406007400713861e+00
1.508829998783767223e+00
3.244433988584205508e+00
3.330628998810425401e+00
1.701228000456467271e+00
1.777590994606725872e+00
1.861426993855275214e+00
2.274687998578883708e+00
1.676125000813044608e+00
1.521184007287956774e+00
1.650261998292990029e+00
1.403296002536080778e+00
1.188371999887749553e+00
1.177327998448163271e+00
1.197440011310391128e+00
1.238622993696480989e+00
1.163218010333366692e+00
1.161804000730626285e+00
1.160757994512096047e+00
1.214345000335015357e+00
1.159211009507998824e+00
1.173538999864831567e+00
1.263925994862802327e+00
1.217411001562140882e+00
1.177263999124988914e+00
1.529693996417336166e+00
1.271029002964496613e+00
1.312987005803734064e+00
2.143708989024162292e+00
2.050584997050464153e+00
1.649326004553586245e+00
1.487222005380317569e+00
1.406317998771555722e+00
1.440060004824772477e+00
1.420854998286813498e+00
1.283343997783958912e+00
1.285291000385768712e+00
1.278401003219187260e+00
1.600060990313068032e+00
1.425276001100428402e+00
1.413076010067015886e+00
1.246871004696004093e+00
1.533706003101542592e+00
1.441721993614919484e+00
1.690099001280032098e+00
1.251530993613414466e+00
1.302400996792130172e+00
1.287525999941863120e+00
1.486137000028975308e+00
1.538814001833088696e+00
1.610998995602130890e+00
1.537396994535811245e+00
1.527642991277389228e+00
1.392196994856931269e+00
1.390940000419504941e+00
1.325493998592719436e+00
1.218591001816093922e+00
1.205291002406738698e+00
1.322223004535771906e+00
1.466276997234672308e+00
1.358811990940012038e+00
1.643588009756058455e+00
1.472111995099112391e+00
1.233454007888212800e+00
1.368515993817709386e+00
1.299589988775551319e+00
1.425131005817092955e+00
1.256820993148721755e+00
1.476379999076016247e+00
1.267193001694977283e+00
1.196242999867536128e+00
1.176432007923722267e+00
1.579661999130621552e+00
1.604488992597907782e+00
1.656642009038478136e+00
1.594575005583465099e+00
1.450826006475836039e+00
2.125942002749070525e+00
3.229629000998102129e+00
2.654836993315257132e+00
1.589036997756920755e+00
1.858880990766920149e+00
1.649193989578634501e+00
1.652785009355284274e+00
1.665938994847238064e+00
1.707748000626452267e+00
1.926461001858115196e+00
1.512100003310479224e+00
1.336069995886646211e+00
1.247599997441284359e+00
1.362025010166689754e+00
1.418507992639206350e+00
1.404377006110735238e+00
1.338745001703500748e+00
1.273564994335174561e+00
1.485746004618704319e+00
1.204243002575822175e+00
1.326297002378851175e+00
1.310191990341991186e+00
1.387133990647271276e+00
1.300882999203167856e+00
1.546233994304202497e+00
1.215329000842757523e+00
2.021296008024364710e+00
2.629381007864139974e+00
1.976182000362314284e+00
1.843550999183207750e+00
1.798903991584666073e+00
1.712710989522747695e+00
1.614729000721126795e+00
1.394417995470575988e+00
1.574398003867827356e+00
1.348427002085372806e+00
1.303636992815881968e+00
1.229706002050079405e+00
1.317100992309860885e+00
1.248997010407038033e+00
1.322491996688768268e+00
1.250581000931560993e+00
1.570552994962781668e+00
1.454323006328195333e+00
1.195524004288017750e+00
1.103210990549996495e+00
9.722800023155286908e-01
8.976009994512423873e-01
1.048894002451561391e+00
9.817899990594014525e-01
9.328159940196201205e-01
1.017123999190516770e+00
1.023542994516901672e+00
1.017791000776924193e+00
9.376340021844953299e-01
1.240544006577692926e+00
1.824254009989090264e+00
1.523443002952262759e+00
1.270723005291074514e+00
1.490593989728949964e+00
1.342194998869672418e+00
1.353432002360932529e+00
1.429496012860909104e+00
1.413383986800909042e+00
1.421196997398510575e+00
1.400233988533727825e+00
1.398685999447479844e+00
1.339946989901363850e+00
1.386100004310719669e+00
1.420389002305455506e+00
1.415146994986571372e+00
1.374558007228188217e+00
1.455853009247221053e+00
1.430165008059702814e+00
1.428480012691579759e+00
1.398705004248768091e+00
1.520985009847208858e+00
1.387837997754104435e+00
1.401690999045968056e+00
1.334254993707872927e+00
1.390142002492211759e+00
1.596104004420340061e+00
1.315902001806534827e+00
1.195991004351526499e+00
1.122307992773130536e+00
1.135319995228201151e+00
1.158236991614103317e+00
1.186922003398649395e+00
1.321128002018667758e+00
1.204682004754431546e+00
1.438364997738972306e+00
1.423210997018031776e+00
2.231392994872294366e+00
3.361007999046705663e+00
2.661874008481390774e+00
2.391715010162442923e+00
2.476023000781424344e+00
2.557298008468933403e+00
2.161387994419783354e+00
1.513551003881730139e+00
1.485966990003362298e+00
1.511337002739310265e+00
1.540541998110711575e+00
1.539063989184796810e+00
1.483629996073432267e+00
1.407194999046623707e+00
1.522544000181369483e+00
1.671546007855795324e+00
1.481701998272910714e+00
1.541361009003594518e+00
1.236659998539835215e+00
1.429669995559379458e+00
1.561906989081762731e+00
1.553833993966691196e+00
1.529871995444409549e+00
1.604449993465095758e+00
1.470531002269126475e+00
1.471961004426702857e+00
1.458950995584018528e+00
1.427797993528656662e+00
1.405096001690253615e+00
1.167567010270431638e+00
1.311608997639268637e+00
1.236967989825643599e+00
1.218389006680808961e+00
1.182043997687287629e+00
1.326016004895791411e+00
1.234440002008341253e+00
1.288353989366441965e+00
1.224307998199947178e+00
1.228149005328305066e+00
1.243353995960205793e+00
1.297426992096006870e+00
1.290321000851690769e+00
1.240858997334726155e+00
1.218092002090997994e+00
1.139643994974903762e+00
1.244142011273652315e+00
2.083023995510302484e+00
1.713094010483473539e+00
1.702185007161460817e+00
1.746620997437275946e+00
2.228072000434622169e+00
2.151449996745213866e+00
1.549420005176216364e+00
1.402207999490201473e+00
1.387937998515553772e+00
1.317841000854969025e+00
1.203663996420800686e+00
1.256755000213161111e+00
1.126294999266974628e+00
1.152026990894228220e+00
1.211370996315963566e+00
1.326252997387200594e+00
1.230147987371310592e+00
1.131969998823478818e+00
9.718240034999325871e-01
9.021570003824308515e-01
9.584759973222389817e-01
1.084232993889600039e+00
1.117300009354948997e+00
2.476813009707257152e+00
1.773413998307660222e+00
1.185337998322211206e+00
1.145030997577123344e+00
1.182466003228910267e+00
1.391519996104761958e+00
1.728828996419906616e+00
1.443604007363319397e+00
1.416115992469713092e+00
1.621674993657507002e+00
1.485577013227157295e+00
1.618975002202205360e+00
1.945814001373946667e+00
1.486458000726997852e+00
1.569191997987218201e+00
1.511409005615860224e+00
1.505716994870454073e+00
1.914034990477375686e+00
1.646702003199607134e+00
1.507289998698979616e+00
1.546989995404146612e+00
1.540137003757990897e+00
1.221512007759884000e+00
1.232477006851695478e+00
1.193361997138708830e+00
1.694524995400570333e+00
1.405164992320351303e+00
1.275054004509001970e+00
1.357581990305334330e+00
1.290166997932828963e+00
1.302896009292453527e+00
1.551566005218774080e+00
1.912095991428941488e+00
1.524641003925353289e+00
1.549908003653399646e+00
1.453258999390527606e+00
1.404383001499809325e+00
1.310289997491054237e+00
1.374592000502161682e+00
1.248583997949026525e+00
1.257969997823238373e+00
1.225319996592588723e+00
1.587592996656894684e+00
1.329862003331072628e+00
1.328913000179454684e+00
1.315741988946683705e+00
1.190408002003096044e+00
1.198358993860892951e+00
1.294753994443453848e+00
1.224306004587560892e+00
1.349511003354564309e+00
1.331737992586567998e+00
1.280901997233740985e+00
1.179792001494206488e+00
1.145807007560506463e+00
1.237517994013614953e+00
1.829339991672895849e+00
1.623941003344953060e+00
1.725183989037759602e+00
1.555795999593101442e+00
1.345736003713682294e+00
1.558855001349002123e+00
1.727613998809829354e+00
1.643146999413147569e+00
1.545172010082751513e+00
1.838459997088648379e+00
1.832199006457813084e+00
1.780000995495356619e+00
1.797272998373955488e+00
1.787594010238535702e+00
1.908781006932258606e+00
1.550467000924982131e+00
1.528831999166868627e+00
1.549913009512238204e+00
1.455741003155708313e+00
1.352857987512834370e+00
1.373313003568910062e+00
1.427553012035787106e+00
1.600146002601832151e+00
1.415428007021546364e+00
1.439130996004678309e+00
1.467556008719839156e+00
1.506832995801232755e+00
1.437471000826917589e+00
1.399658998707309365e+00
1.383530005114153028e+00
1.279453004826791584e+00
1.404626993462443352e+00
1.709005009615793824e+00
1.764886997989378870e+00
1.659355009905993938e+00
1.588393002748489380e+00
1.602392992936074734e+00
1.431242999387905002e+00
1.425611000740900636e+00
1.386042989906854928e+00
1.348820995190180838e+00
1.365392003208398819e+00
1.213313997141085565e+00
1.258739997865632176e+00
1.132097997469827533e+00
1.208775007398799062e+00
1.257343988982029259e+00
1.395461003994569182e+00
1.243796999915502965e+00
1.272631008760072291e+00
1.138961000833660364e+00
9.778389940038323402e-01
1.091169993742369115e+00
9.730239980854094028e-01
1.002007993520237505e+00
1.029300008667632937e+00
1.081583002815023065e+00
1.077926004654727876e+00
1.105873001506552100e+00
1.071342994691804051e+00
1.136252001742832363e+00
1.093716986360959709e+00
1.169354000012390316e+00
1.219377008965238929e+00
1.355047992547042668e+00
1.265180995687842369e+00
1.314141001785174012e+00
1.322851006989367306e+00
1.305420999415218830e+00
1.240896992385387421e+00
1.386019997880794108e+00
1.260056000319309533e+00
1.153225006419233978e+00
1.225924002937972546e+00
1.283955993130803108e+00
1.162430999102070928e+00
1.238679004018194973e+00
1.367245000437833369e+00
1.350125996395945549e+00
1.243488994077779353e+00
1.235049989190883934e+00
1.288365005166269839e+00
1.284614001633599401e+00
1.309729996137320995e+00
1.167023991001769900e+00
1.246888990863226354e+00
1.249537992407567799e+00
1.379619003273546696e+00
1.290594998863525689e+00
1.131636992795392871e+00
1.144688008935190737e+00
1.201054998091422021e+00
1.289036998059600592e+00
1.388065997161902487e+00
1.313460990786552429e+00
1.646024000365287066e+00
2.602248001494444907e+00
3.188314003637060523e+00
3.285976999904960394e+00
3.083514005993492901e+00
3.058838003198616207e+00
3.073473999393172562e+00
3.015934998984448612e+00
3.161631000693887472e+00
3.151234006509184837e+00
2.695087998290546238e+00
1.699183994787745178e+00
1.782870007446035743e+00
1.473155003623105586e+00
1.356544002192094922e+00
1.644218995352275670e+00
1.593847002368420362e+00
1.618672002223320305e+00
1.970526005607098341e+00
1.914720996865071356e+00
1.577610993990674615e+00
1.590075000422075391e+00
1.720279993605799973e+00
1.510048998170532286e+00
1.510803005658090115e+00
1.505628999439068139e+00
1.576907001435756683e+00
1.446442998712882400e+00
1.489595000748522580e+00
1.400023989845067263e+00
1.305258003412745893e+00
1.165545007097534835e+00
1.311167012318037450e+00
1.218007993884384632e+00
1.159050996648147702e+00
1.293105990043841302e+00
1.442356995539739728e+00
1.219760000822134316e+00
1.322994998190551996e+00
1.203974999953061342e+00
1.198614001623354852e+00
1.205016000312753022e+00
1.262853998923674226e+00
1.329707010881975293e+00
1.331280000158585608e+00
1.278887008083984256e+00
1.356931999907828867e+00
1.191112998640164733e+00
1.914939013659022748e+00
1.695359998848289251e+00
1.739731000270694494e+00
1.728331990307196975e+00
1.803227001801133156e+00
1.579792005941271782e+00
1.580180993187241256e+00
1.459740989957936108e+00
1.597740003489889205e+00
1.420173997757956386e+00
1.301391996094025671e+00
1.303780009038746357e+00
1.243559992872178555e+00
1.346079996437765658e+00
1.339690003078430891e+00
1.505264997831545770e+00
1.380268993671052158e+00
1.292399989324621856e+00
1.195021002786234021e+00
1.054841006407514215e+00
1.033302003634162247e+00
1.105445000575855374e+00
1.949063997017219663e+00
2.133913003490306437e+00
2.194460001192055643e+00
2.077309996820986271e+00
1.213030001963488758e+00
1.179736005724407732e+00
1.077417997294105589e+00
1.159496998297981918e+00
1.164098997833207250e+00
1.101190995541401207e+00
1.282709999941289425e+00
1.196682002046145499e+00
1.310448002186603844e+00
1.300388990784995258e+00
1.265127997612580657e+00
1.251994995982386172e+00
1.288975006900727749e+00
1.206982997246086597e+00
1.204569009132683277e+00
1.241776990354992449e+00
1.331507010036148131e+00
1.376882006297819316e+00
1.241464997292496264e+00
1.331762003246694803e+00
1.382955000735819340e+00
1.317647998803295195e+00
1.353681000182405114e+00
1.357895002001896501e+00
1.301393000176176429e+00
1.309112005401402712e+00
1.216885997564531863e+00
1.341052993666380644e+00
1.354742998955771327e+00
1.207458000862970948e+00
1.202344996272586286e+00
1.194158001453615725e+00
1.186630994197912514e+00
1.369584002532064915e+00
1.329014994553290308e+00
1.137639992521144450e+00
1.134103004005737603e+00
1.139618994784541428e+00
1.118710002629086375e+00
1.227771994308568537e+00
1.335862005362287164e+00
1.187572008348070085e+00
1.166603004094213247e+00
1.276907001738436520e+00
1.285474005271680653e+00
1.179086000774987042e+00
1.178987993625923991e+00
1.306534992181695998e+00
1.378720990032888949e+00
1.241955003933981061e+00
1.188722992083057761e+00
1.170090996311046183e+00
1.176176010631024837e+00
1.419515989255160093e+00
1.598582995939068496e+00
1.470966002671048045e+00
1.531492001959122717e+00
1.408405005349777639e+00
1.351186001556925476e+00
1.519751007435843349e+00
1.410133001627400517e+00
1.420989996404387057e+00
1.537247997475787997e+00
1.542219004477374256e+00
1.579610005137510598e+00
1.611351006431505084e+00
1.472461997764185071e+00
1.486383000155910850e+00
1.205091990414075553e+00
1.257133000763133168e+00
1.410673998179845512e+00
1.240656987647525966e+00
1.174035001895390451e+00
1.306058999034576118e+00
1.221817001351155341e+00
1.225703003001399338e+00
1.264623002498410642e+00
1.229441011673770845e+00
1.245984007255174220e+00
1.195506993099115789e+00
1.236426003742963076e+00
1.207987996167503297e+00
1.333836000412702560e+00
1.254760005394928157e+00
1.244234998011961579e+00
1.753567994455806911e+00
1.600098999915644526e+00
1.614214997971430421e+00
1.708818992483429611e+00
1.691343000857159495e+00
1.724583999020978808e+00
1.389864992233924568e+00
1.482487990870140493e+00
1.488368012360297143e+00
1.366363008855842054e+00
1.847496008849702775e+00
1.202351995743811131e+00
1.146399008575826883e+00
1.173625001683831215e+00
1.205741995363496244e+00
1.477993995649740100e+00
1.317981004831381142e+00
1.199150996399112046e+00
1.055580010870471597e+00
1.015361005556769669e+00
1.065999997081235051e+00
1.043730007950216532e+00
1.067547011189162731e+00
1.028293001581914723e+00
9.825760062085464597e-01
9.257000056095421314e-01
1.003853001748211682e+00
1.001519995043054223e+00
1.113477002945728600e+00
1.047070007189176977e+00
1.050516002578660846e+00
1.149023009929805994e+00
1.219430996570736170e+00
1.169837996712885797e+00
1.220099002239294350e+00
1.206741013447754085e+00
1.147760005551390350e+00
1.213569004903547466e+00
1.265685001271776855e+00
1.207717999932356179e+00
1.253615002497099340e+00
1.165256006061099470e+00
1.240744997630827129e+00
1.189007991342805326e+00
1.262228004634380341e+00
1.281593999010510743e+00
1.311445987084880471e+00
1.223640996613539755e+00
1.156774989794939756e+00
1.379907000227831304e+00
1.283595003769733012e+00
1.263365003978833556e+00
1.167542999610304832e+00
1.120717002777382731e+00
1.098401000490412116e+00
1.208999994560144842e+00
1.255531999049708247e+00
1.314401000854559243e+00
1.301447991863824427e+00
1.170376999652944505e+00
1.186534995213150978e+00
1.171238996903412044e+00
1.104447001125663519e+00
1.231953996466472745e+00
1.271880988497287035e+00
1.322383002843707800e+00
1.264405000256374478e+00
1.194160009617917240e+00
1.100781999411992729e+00
1.164259010693058372e+00
1.225393993081524968e+00
1.246273997821845114e+00
1.224524006829597056e+00
1.326883997535333037e+00
1.119523003580980003e+00
1.229328991030342877e+00
1.138909006840549409e+00
1.159545005066320300e+00
1.140009000664576888e+00
1.379937995807267725e+00
1.404462993377819657e+00
1.484173000790178776e+00
1.500605998444370925e+00
1.339598005870357156e+00
1.259369004401378334e+00
1.471606999984942377e+00
1.406483002938330173e+00
1.390600009472109377e+00
1.621789007913321257e+00
3.366086995811201632e+00
2.942694001831114292e+00
1.786611988791264594e+00
1.525024010334163904e+00
1.697024999884888530e+00
1.503621999290771782e+00
1.303504992392845452e+00
1.446077003492973745e+00
1.547474996186792850e+00
1.419298001565039158e+00
1.622755997232161462e+00
2.357819990720599890e+00
1.512969000032171607e+00
1.259629003470763564e+00
1.291471999138593674e+00
1.377681997837498784e+00
1.340975999482907355e+00
1.217899000039324164e+00
1.413844001945108175e+00
1.512418995844200253e+00
1.511880996986292303e+00
1.241216989001259208e+00
9.985329961637035012e-01
8.810840081423521042e-01
8.025069982977584004e-01
8.878450025804340839e-01
9.897410054691135883e-01
1.030026993248611689e+00
1.106922005419619381e+00
1.106899013393558562e+00
1.142441993579268456e+00
1.095636995160020888e+00
1.317092988756485283e+00
1.243232996785081923e+00
2.136727998731657863e+00
9.759819949977099895e-01
9.550740069244056940e-01
1.025945995934307575e+00
9.797810052987188101e-01
7.939479983178898692e-01
8.749819971853867173e-01
6.666410044999793172e-01
6.583149952348321676e-01
8.365429966943338513e-01
8.107119938358664513e-01
7.756389968562871218e-01
8.696519944351166487e-01
7.121289963833987713e-01
7.253000076161697507e-01
7.421109912684187293e-01
7.462170033250004053e-01
6.646080000791698694e-01
6.696420023217797279e-01
7.156740030040964484e-01
9.060300071723759174e-01
7.909580017440021038e-01
7.560590020148083568e-01
7.101530063664540648e-01
6.414560048142448068e-01
7.038620096864178777e-01
7.420180045301094651e-01
7.602900004712864757e-01
7.777739956509321928e-01
7.691030041314661503e-01
7.440699992002919316e-01
7.238909893203526735e-01
7.954720058478415012e-01
7.536899938713759184e-01
7.479689957108348608e-01
7.743110036244615912e-01
8.360819920198991895e-01
8.161180012393742800e-01
7.791529933456331491e-01
6.860129942651838064e-01
6.858609995106235147e-01
6.398620025720447302e-01
6.572450074600055814e-01
6.832459912402555346e-01
6.381690036505460739e-01
6.315260106930509210e-01
7.129869918571785092e-01
8.383179956581443548e-01
7.213109929580241442e-01
7.628280000062659383e-01
7.718330016359686852e-01
6.883390014991164207e-01
7.165019924286752939e-01
8.366430120076984167e-01
7.079100032569840550e-01
7.702900038566440344e-01
7.697159890085458755e-01
7.047699909890070558e-01
7.683729927521198988e-01
7.643119897693395615e-01
6.806680030422285199e-01
7.131149905035272241e-01
7.203650020528584719e-01
7.116070046322420239e-01
7.082670053932815790e-01
7.021899946266785264e-01
8.283350034616887569e-01
8.111569914035499096e-01
8.319330081576481462e-01
8.190030057448893785e-01
8.582209993619471788e-01
6.873820093460381031e-01
7.305299950530752540e-01
6.828369951108470559e-01
6.773679924663156271e-01
7.071880099829286337e-01
6.584119983017444611e-01
7.753249956294894218e-01
7.856949960114434361e-01
7.618939998792484403e-01
7.534670003224164248e-01
6.999510078458115458e-01
7.088590064086019993e-01
6.387039902620017529e-01
7.004639919614419341e-01
6.187149992911145091e-01
7.563600083813071251e-01
7.949450082378461957e-01
1.714464000542648137e+00
1.680929999565705657e+00
1.523636994534172118e+00
1.251064997632056475e+00
1.520177000202238560e+00
1.626053999643772840e+00
1.576763999764807522e+00
1.223687999299727380e+00
1.025307006784714758e+00
9.775250073289498687e-01
1.379863999318331480e+00
1.106097988667897880e+00
9.438629931537434459e-01
8.749870030442252755e-01
1.017335991491563618e+00
9.785279980860650539e-01
7.831020047888159752e-01
6.511809915537014604e-01
6.777480011805891991e-01
6.772380002075806260e-01
6.476470007328316569e-01
7.013389986241236329e-01
6.822369905421510339e-01
7.425309886457398534e-01
7.405229989672079682e-01
7.930200081318616867e-01
7.371910032816231251e-01
7.397620065603405237e-01
7.815580029273405671e-01
7.436989981215447187e-01
5.501879932126030326e-01
7.421540067298337817e-01
8.193009998649358749e-01
7.129829900804907084e-01
6.801220006309449673e-01
6.960820028325542808e-01
6.997279997449368238e-01
7.711320067755877972e-01
7.221749983727931976e-01
7.171909965109080076e-01
6.763029959984123707e-01
7.388559897663071752e-01
6.298280059127137065e-01
6.337769882520660758e-01
7.975279877427965403e-01
7.998850051080808043e-01
7.628489984199404716e-01
7.892980065662413836e-01
7.210410112747922540e-01
7.563389954157173634e-01
7.019140030024573207e-01
7.196959923021495342e-01
7.464049995178356767e-01
8.205350022763013840e-01
7.387460063910111785e-01
6.921599997440353036e-01
6.640020001213997602e-01
7.384170021396130323e-01
7.516059995396062732e-01
6.976440054131671786e-01
7.408060046145692468e-01
7.588310108985751867e-01
7.184529968071728945e-01
6.959130114410072565e-01
6.953870033612474799e-01
7.982770039234310389e-01
6.968930101720616221e-01
6.157530006021261215e-01
7.154699997045099735e-01
6.879459979245439172e-01
6.483589968411251903e-01
7.570309971924871206e-01
6.668959977105259895e-01
5.119910056237131357e-01
5.791010044049471617e-01
5.907909944653511047e-01
6.024909962434321642e-01
5.779680068371817470e-01
5.559179990086704493e-01
5.976290121907368302e-01
5.504869914148002863e-01
5.701379996025934815e-01
6.711030000587925315e-01
7.001630001468583941e-01
7.599719974678009748e-01
7.539619982708245516e-01
7.570040033897385001e-01
7.124879921320825815e-01
7.902439974714070559e-01
7.003659993642941117e-01
7.326120103243738413e-01
7.384610071312636137e-01
6.206469988683238626e-01
6.111109978519380093e-01
6.843050068709999323e-01
7.515930046793073416e-01
7.355590059887617826e-01
7.198589883046224713e-01
7.828519883332774043e-01
8.440830133622512221e-01
8.941440028138458729e-01
8.461190009256824851e-01
8.134490053635090590e-01
7.275429961737245321e-01
7.943439995869994164e-01
7.722790032858029008e-01
9.292860049754381180e-01
9.664160024840384722e-01
1.145596004789695144e+00
1.034588000038638711e+00
1.071935999789275229e+00
1.064349009539000690e+00
1.078947010682895780e+00
1.055419008480384946e+00
1.107578995288349688e+00
1.069780992111191154e+00
7.857039890950545669e-01
7.508780108764767647e-01
7.098060013959184289e-01
7.738799904473125935e-01
7.764449983369559050e-01
7.203909917734563351e-01
7.178000087151303887e-01
7.144620030885562301e-01
6.922129978192970157e-01
6.724310078425332904e-01
7.252520008478313684e-01
7.515140023315325379e-01
6.653309974353760481e-01
6.824099982623010874e-01
6.475660047726705670e-01
7.166430004872381687e-01
8.207810024032369256e-01
8.694550051586702466e-01
8.196170092560350895e-01
8.510640036547556520e-01
9.109880047617480159e-01
8.295690058730542660e-01
8.098309917841106653e-01
8.010919991647824645e-01
8.357790065929293633e-01
9.022159938467666507e-01
8.608399948570877314e-01
8.495810034219175577e-01
8.887489966582506895e-01
8.806029945844784379e-01
8.912159973988309503e-01
1.017888003843836486e+00
9.977769950637593865e-01
1.139699001214466989e+00
1.013451008475385606e+00
1.053242012858390808e+00
1.043826006934978068e+00
9.355610091006383300e-01
9.887560008792206645e-01
9.662560041761025786e-01
1.089188997866585851e+00
1.049202997819520533e+00
1.199098012875765562e+00
1.216321994434110820e+00
1.147572009358555079e+00
1.110505007090978324e+00
1.092418999178335071e+00
1.135830010753124952e+00
1.084632996935397387e+00
1.176366989966481924e+00
1.222631995915435255e+00
1.138184001320041716e+00
1.196402998175472021e+00
1.278137991903349757e+00
1.287934996071271598e+00
1.338889996986836195e+00
1.347758006886579096e+00
1.201267994474619627e+00
1.211181996040977538e+00
1.266940002096816897e+00
1.341019000392407179e+00
1.492541006882674992e+00
1.545197010273113847e+00
1.611514991964213550e+00
1.507469991338439286e+00
1.499384001363068819e+00
2.485493998392485082e+00
9.982172996387816966e+00
2.193053005612455308e+00
1.799692996428348124e+00
1.913875006721355021e+00
2.113875991199165583e+00
2.310465002665296197e+00
3.679421002743765712e+00
8.145822997903451324e+00
4.889200004981830716e+00
3.829582012258470058e+00
4.527482000412419438e+00
5.401831993367522955e+00
5.287291001877747476e+00
7.002221012953668833e+00
6.252885999856516719e+00
1.962666898907627910e+01
1.655252599448431283e+01
9.110840037465095520e-01
8.519569964846596122e-01
9.017870033858343959e-01
6.320389948086813092e-01
8.112970099318772554e-01
7.807709916960448027e-01
8.648640068713575602e-01
9.536139987176284194e-01
9.923510078806430101e-01
9.733330080052837729e-01
8.998269913718104362e-01
9.661749936640262604e-01
9.690940059954300523e-01
1.003750003292225301e+00
9.111429972108453512e-01
8.139679994201287627e-01
6.331460026558488607e-01
7.105699914973229170e-01
6.563950009876862168e-01
7.060880016069859266e-01
6.863180024083703756e-01
7.129540026653558016e-01
7.243660074891522527e-01
6.773000059183686972e-01
6.979790050536394119e-01
7.108680001692846417e-01
6.792229978600516915e-01
7.087709964253008366e-01
6.789570034015923738e-01
5.351889994926750660e-01
7.077900081640109420e-01
6.368049944285303354e-01
6.922669999767094851e-01
6.809449987486004829e-01
6.784510042052716017e-01
6.985569925745949149e-01
7.198069943115115166e-01
7.761409942759200931e-01
1.920940005220472813e+00
1.443904999177902937e+00
1.378013999783433974e+00
1.402231995598413050e+00
1.364141993690282106e+00
1.377376989694312215e+00
1.031207008054479957e+00
1.006038990453816950e+00
9.295109921367838979e-01
7.973689935170114040e-01
7.905480015324428678e-01
9.831709903664886951e-01
8.974460070021450520e-01
8.855729975039139390e-01
7.179120002547279000e-01
6.746500002918764949e-01
8.059629908530041575e-01
8.131189970299601555e-01
7.958429923746734858e-01
8.038020023377612233e-01
7.592220063088461757e-01
6.735939969075843692e-01
6.833689985796809196e-01
7.860149926273152232e-01
7.560700032627210021e-01
7.728130003670230508e-01
7.867810054449364543e-01
8.369429997401311994e-01
8.627249917481094599e-01
9.058249997906386852e-01
9.018390119308605790e-01
7.835990109015256166e-01
8.210840023821219802e-01
8.131649956339970231e-01
6.847410113550722599e-01
7.840670004952698946e-01
9.096470021177083254e-01
9.993100102292373776e-01
8.640429878141731024e-01
8.642620086902752519e-01
9.554339922033250332e-01
9.853880037553608418e-01
9.606649982742965221e-01
9.416950051672756672e-01
9.314019989687949419e-01
8.273919956991448998e-01
8.175980037776753306e-01
1.006242993753403425e+00
1.052049003192223608e+00
1.040960007230751216e+00
1.012485008686780930e+00
1.134007994551211596e+00
8.444489940302446485e-01
8.611710072727873921e-01
7.603449921589344740e-01
1.301616997807286680e+00
1.153483011876232922e+00
9.692720050225034356e-01
1.056729000993072987e+00
9.254280012100934982e-01
8.460210083285346627e-01
1.106093011912889779e+00
9.067559876712039113e-01
1.352979001239873469e+00
7.922539953142404556e-01
7.093809981597587466e-01
7.614159985678270459e-01
7.796739955665543675e-01
9.887589985737577081e-01
1.056787004927173257e+00
9.949019877240061760e-01
9.983350028051063418e-01
9.772319899639114738e-01
1.012965003610588610e+00
1.047418001689948142e+00
1.070797996362671256e+00
9.642119985073804855e-01
9.341639961348846555e-01
7.188229938037693501e-01
7.043740042718127370e-01
7.049809937598183751e-01
7.008869870333001018e-01
7.360619929386302829e-01
7.434550061589106917e-01
7.521959923906251788e-01
7.199929968919605017e-01
7.086209952831268311e-01
7.069779967423528433e-01
7.314099930226802826e-01
7.274759991560131311e-01
6.952319963602349162e-01
6.569529941771179438e-01
6.593300058739259839e-01
8.162479934981092811e-01
8.877200016286224127e-01
8.763539954088628292e-01
8.332939905812963843e-01
8.899740059860050678e-01
8.793310116743668914e-01
8.321639907080680132e-01
8.739969925954937935e-01
7.701139984419569373e-01
8.744480001041665673e-01
9.264480031561106443e-01
8.735799929127097130e-01
9.718479996081441641e-01
9.041970042744651437e-01
9.121369948843494058e-01
8.521589916199445724e-01
9.993489948101341724e-01
9.932410030160099268e-01
1.129974989453330636e+00
9.822290012380108237e-01
1.041600989992730319e+00
9.954850102076306939e-01
9.223739907611161470e-01
9.207090042764320970e-01
1.061945004039444029e+00
1.049047001288272440e+00
1.018030001432634890e+00
1.345147000392898917e+00
1.207451990921981633e+00
1.175840996438637376e+00
1.183966000098735094e+00
1.182510997750796378e+00
1.184788008686155081e+00
1.152543001808226109e+00
1.289950989303179085e+00
1.219295008922927082e+00
1.189251997857354581e+00
1.355369007796980441e+00
1.348789999610744417e+00
1.362016992061398923e+00
1.370426005451008677e+00
1.391971993143670261e+00
1.342001996817998588e+00
1.320943003520369530e+00
1.351309998426586390e+00
1.432840988854877651e+00
1.443957997253164649e+00
1.506023996626026928e+00
1.590600004419684410e+00
1.659911999013274908e+00
1.617353002075105906e+00
2.503940006135962903e+00
1.111199099977966398e+01
3.089178004302084446e+00
4.025333997560665011e+00
3.992345998995006084e+00
4.313276003813371062e+00
3.826458996627479792e+00
4.086807006387971342e+00
8.479686002829112113e+00
5.009204993257299066e+00
4.194298991933465004e+00
4.823188995942473412e+00
5.305767990648746490e+00
5.079236987512558699e+00
6.640232997597195208e+00
6.352826996590010822e+00
1.957859699905384332e+01
1.623719299095682800e+01
1.992368008359335363e+00
1.905618992168456316e+00
8.245750068454071879e-01
7.625380094395950437e-01
9.577069868100807071e-01
9.815329976845532656e-01
1.027170001179911196e+00
1.061100992956198752e+00
1.030838990118354559e+00
1.090165998903103173e+00
1.171013995190151036e+00
1.110241006244905293e+00
1.033441003528423607e+00
1.056185006746090949e+00
1.042004005284979939e+00
9.444569877814501524e-01
7.200569962151348591e-01
6.985090003581717610e-01
6.930889940122142434e-01
7.084149983711540699e-01
7.877410098444670439e-01
7.747199997538700700e-01
7.612170011270791292e-01
7.493040029658004642e-01
7.896510069258511066e-01
7.471349963452666998e-01
7.187010050984099507e-01
7.574850023956969380e-01
8.220239978982135653e-01
7.849959947634488344e-01
7.270209898706525564e-01
8.183710015146061778e-01
8.749830012675374746e-01
7.821640028851106763e-01
8.268639940069988370e-01
7.753990066703408957e-01
8.891379984561353922e-01
8.909790049074217677e-01
7.789649971527978778e-01
8.109440095722675323e-01
9.197769977618008852e-01
9.894440008793026209e-01
9.353510104119777679e-01
9.418800036655738950e-01
9.203950030496343970e-01
1.031545994919724762e+00
9.762109984876587987e-01
1.007786006084643304e+00
9.318039956269785762e-01
1.052781997714191675e+00
8.375780016649514437e-01
9.856370015768334270e-01
1.000160002149641514e+00
9.351179905934259295e-01
7.949339924380183220e-01
7.938019989524036646e-01
8.715220028534531593e-01
9.470180084463208914e-01
8.981840073829516768e-01
1.024815996061079204e+00
1.026560988975688815e+00
1.057127010426484048e+00
1.164369998150505126e+00
1.083609007764607668e+00
1.206176995765417814e+00
1.348343008430674672e+00
1.190334995044395328e+00
1.138608000474050641e+00
1.115213002776727080e+00
1.165398003649897873e+00
1.035631008562631905e+00
1.040451999870128930e+00
1.175251003587618470e+00
9.922500030370429158e-01
9.787680028239265084e-01
1.139145999331958592e+00
1.385219991789199412e+00
1.382533999276347458e+00
1.411388002452440560e+00
1.211009002872742712e+00
1.129048992879688740e+00
1.275753005756996572e+00
1.580659998580813408e+00
1.134250996983610094e+00
1.298367002164013684e+00
1.273396002943627536e+00
1.275924994843080640e+00
1.294198009418323636e+00
1.322634998359717429e+00
1.349930986179970205e+00
1.398123000399209559e+00
1.714202007860876620e+00
1.510872010840103030e+00
1.440051986719481647e+00
1.479252998251467943e+00
1.609389990335330367e+00
1.689683995209634304e+00
1.547039006254635751e+00
1.575219997903332114e+00
2.758592992904596031e+00
1.034070010064169765e+00
8.853769977577030659e-01
7.936710026115179062e-01
6.675240001641213894e-01
9.064379992196336389e-01
8.598190033808350563e-01
9.910009976010769606e-01
9.974459971999749541e-01
1.014253997709602118e+00
1.026298006763681769e+00
1.133087993366643786e+00
1.125811002566479146e+00
9.736360079841688275e-01
1.024778001010417938e+00
9.453120001126080751e-01
9.195370075758546591e-01
7.820870087016373873e-01
7.578259974252432585e-01
7.147549913497641683e-01
7.449190015904605389e-01
8.083900029305368662e-01
8.090310002444311976e-01
1.428097995813004673e+00
2.032204996794462204e+00
1.836605995777063072e+00
1.858693009126000106e+00
1.872537002782337368e+00
1.778118006768636405e+00
1.922525989357382059e+00
1.767708992701955140e+00
1.716286991722881794e+00
1.726989998132921755e+00
1.834394002798944712e+00
1.728254006593488157e+00
1.914833002956584096e+00
2.043864995357580483e+00
1.963503993465565145e+00
2.172608001274056733e+00
1.898377013276331127e+00
1.638393005123361945e+00
1.714304002234712243e+00
1.012620996334590018e+00
9.689430007711052895e-01
9.391589992446824908e-01
9.407149918843060732e-01
9.476609993726015091e-01
1.319055008934810758e+00
1.348004007013514638e+00
1.289872001507319510e+00
1.194890995975583792e+00
1.035916997352614999e+00
1.046239995048381388e+00
1.197321995277889073e+00
1.188743000966496766e+00
9.178369946312159300e-01
1.002013988909311593e+00
9.496510028839111328e-01
1.343780997558496892e+00
1.083725001080892980e+00
1.157692997367121279e+00
1.205325999762862921e+00
1.165028006653301418e+00
1.137895000283606350e+00
1.171162002719938755e+00
1.068500991095788777e+00
1.394299004459753633e+00
1.182867999887093902e+00
1.181466999696567655e+00
1.259595999727025628e+00
1.136081002186983824e+00
1.073327992344275117e+00
1.257256997632794082e+00
1.121837995015084743e+00
1.618199996300972998e+00
1.376204003463499248e+00
1.310805004322901368e+00
1.363981995382346213e+00
1.372564991470426321e+00
1.285788996028713882e+00
1.354452993837185204e+00
1.471455994760617614e+00
1.404087000992149115e+00
1.531590009108185768e+00
1.423249996150843799e+00
1.520377001725137234e+00
1.554422997287474573e+00
1.549542997963726521e+00
2.369783003814518452e+00
1.085789900389499962e+01
2.072014001896604896e+00
1.758804006385616958e+00
1.944992007338441908e+00
1.866231003077700734e+00
2.319356004591099918e+00
2.848201998858712614e+00
7.566924992715939879e+00
5.741270011640153825e+00
6.213279993971809745e+00
5.758907995186746120e+00
8.045137001317925751e+00
2.620824001496657729e+00
1.790032998542301357e+00
1.133195997681468725e+00
1.171269002952612936e+00
1.048334001097828150e+00
1.046464996761642396e+00
1.339013004326261580e+00
1.388678007060661912e+00
1.407220988767221570e+00
1.707800998701713979e+00
1.740045001497492194e+00
1.507998997112736106e+00
1.761997002176940441e+00
2.102656988427042961e+00
1.994466001633554697e+00
1.743098997394554317e+00
1.666267999098636210e+00
1.268689011340029538e+00
1.270404987735673785e+00
1.297736991546116769e+00
1.143062007031403482e+00
1.016278998577035964e+00
9.734430059324949980e-01
9.564530046191066504e-01
8.994219970190897584e-01
9.883570019155740738e-01
9.853020019363611937e-01
1.089907993446104228e+00
1.035420995322056115e+00
1.002648990834131837e+00
1.004918012768030167e+00
1.081695998436771333e+00
1.140569002018310130e+00
1.026522004394792020e+00
9.923650068230926991e-01
1.020065988996066153e+00
1.308129998506046832e+00
1.347678000456653535e+00
1.329599996097385883e+00
1.211912996950559318e+00
1.366316006169654429e+00
1.267555999220348895e+00
1.187176007078960538e+00
1.234819996170699596e+00
1.197384990518912673e+00
1.360894006211310625e+00
1.295870009926147759e+00
1.257026000530458987e+00
1.233326009241864085e+00
1.374361003399826586e+00
1.321133997407741845e+00
1.363985007628798485e+00
1.421324006514623761e+00
1.305090001551434398e+00
1.332301006186753511e+00
1.419958993210457265e+00
1.586582002346403897e+00
1.697134997812099755e+00
1.631551989703439176e+00
1.473990007070824504e+00
1.459895007428713143e+00
1.622757001314312220e+00
1.524462000816129148e+00
1.409171003615483642e+00
1.438257997506298125e+00
1.458327009459026158e+00
1.551156994537450373e+00
1.475368000683374703e+00
1.661800008150748909e+00
1.559935000841505826e+00
1.695298997219651937e+00
1.629536011023446918e+00
1.588109997101128101e+00
1.743239001370966434e+00
1.691694997134618461e+00
1.580040989210829139e+00
1.457393998862244189e+00
1.693633996183052659e+00
1.701582994428463280e+00
1.836420997278764844e+00
1.850835993536747992e+00
1.926213997649028897e+00
1.961903006304055452e+00
1.789718997315503657e+00
1.734984994982369244e+00
1.620562994503416121e+00
1.853399007814005017e+00
2.872941011446528137e+00
1.424917299300432205e+01
3.091701000812463462e+00
2.189367005485109985e+00
2.336366000236012042e+00
2.411724999547004700e+00
3.413906000787392259e+00
5.252008995739743114e+00
1.072381500853225589e+01
1.045139601046685129e+01
1.051199100038502365e+01
1.967667399730999023e+01
1.205466499959584326e+01
1.435851008864119649e+00
1.321768999332562089e+00
1.312519001658074558e+00
1.228589011589065194e+00
9.979480091715231538e-01
1.173632001155056059e+00
1.486555993324145675e+00
1.497616991400718689e+00
1.439895990188233554e+00
1.449699004297144711e+00
1.746341993566602468e+00
1.819486002204939723e+00
1.891043997602537274e+00
2.134121998096816242e+00
2.111174006131477654e+00
2.249087992822751403e+00
1.841253004386089742e+00
1.756818994181230664e+00
1.391430007060989738e+00
1.316423004027456045e+00
1.272095993044786155e+00
1.007127997581847012e+00
9.857779950834810734e-01
9.405430027982220054e-01
1.110192999476566911e+00
1.136311009759083390e+00
2.267839998239651322e+00
2.037401995039545000e+00
1.396758001646958292e+00
1.075032996595837176e+00
1.109710996388457716e+00
1.086197007680311799e+00
1.185368993901647627e+00
1.124788992456160486e+00
1.096050007618032396e+00
9.697690111352130771e-01
1.198626006953418255e+00
1.195074000861495733e+00
1.264990001800470054e+00
1.292355998884886503e+00
1.177252997877076268e+00
1.175495999632403255e+00
1.296895992709323764e+00
1.286272003198973835e+00
1.205180000397376716e+00
1.263764992472715676e+00
1.298874994972720742e+00
1.339731999905779958e+00
1.215017007780261338e+00
1.358784997137263417e+00
1.396991006913594902e+00
1.507366003352217376e+00
1.345338998362421989e+00
1.351701008388772607e+00
1.405101997079327703e+00
1.284931990085169673e+00
1.348624005913734436e+00
1.435484999092295766e+00
1.613713000551797450e+00
1.503983003203757107e+00
1.291002001380547881e+00
1.408588010235689580e+00
1.446733003831468523e+00
1.453311997465789318e+00
1.466164001612924039e+00
1.553647991386242211e+00
1.383987997542135417e+00
1.596389993210323155e+00
1.545987994177266955e+00
1.630972998100332916e+00
1.577140996232628822e+00
1.422258996171876788e+00
1.396567997289821506e+00
1.677827996900305152e+00
1.586454003700055182e+00
1.660850990447215736e+00
1.486616994952782989e+00
1.792301991372369230e+00
1.725627997075207531e+00
1.617229005205444992e+00
1.618207999854348600e+00
1.831036992371082306e+00
1.834427006542682648e+00
1.801540012820623815e+00
1.734175006276927888e+00
1.620737995835952461e+00
1.807780005037784576e+00
2.802431001327931881e+00
1.169205999758560210e+01
3.451724012847989798e+00
2.099071003613062203e+00
2.267506002681329846e+00
2.432920999126508832e+00
3.237074997741729021e+00
6.452728004660457373e+00
1.179700299690011889e+01
1.092215999960899353e+01
1.086355700681451708e+01
1.125320399296469986e+01
1.382418398861773312e+01
1.372498998534865677e+00
9.897589916363358498e-01
9.915720002027228475e-01
1.028582002618350089e+00
9.635519963921979070e-01
9.418559930054470897e-01
9.908979991450905800e-01
9.799399995245039463e-01
1.055639004334807396e+00
1.160526997409760952e+00
1.027224003337323666e+00
1.042842995957471430e+00
9.740840032463893294e-01
9.626090031815692782e-01
9.895310067804530263e-01
1.153649005573242903e+00
1.018144001136533916e+00
9.865649917628616095e-01
1.024347002385184169e+00
1.020347990561276674e+00
9.795660007512196898e-01
1.081622991478070617e+00
9.521040046820417047e-01
9.708120051072910428e-01
9.684959950391203165e-01
1.038339993101544678e+00
1.038927002809941769e+00
9.428150078747421503e-01
9.616620081942528486e-01
9.896830015350133181e-01
9.748960001161321998e-01
9.578640019753947854e-01
1.092525999411009252e+00
1.028181010042317212e+00
1.044142991304397583e+00
1.016782000078819692e+00
1.034234999679028988e+00
9.402970026712864637e-01
8.535459928680211306e-01
9.673779859440401196e-01
9.000829886645078659e-01
1.053700005286373198e+00
9.887619962682947516e-01
9.067690116353332996e-01
9.989379905164241791e-01
1.006860999041236937e+00
1.082660004612989724e+00
1.146076989243738353e+00
1.152362005086615682e+00
1.184071996249258518e+00
1.082307993783615530e+00
1.119861000915989280e+00
1.019440998788923025e+00
1.166375994216650724e+00
1.192034993437118828e+00
1.308986989897675812e+00
1.282532990444451571e+00
1.213833005749620497e+00
1.169044000562280416e+00
1.311792992055416107e+00
1.408946001902222633e+00
1.420293003320693970e+00
1.416159007931128144e+00
1.328647005720995367e+00
1.430015006917528808e+00
1.376668005832470953e+00
1.374622996081598103e+00
1.442228007363155484e+00
1.352980005322024226e+00
1.356202003080397844e+00
1.372307000565342605e+00
1.405066999723203480e+00
1.349853002466261387e+00
1.644724994548596442e+00
1.587810998898930848e+00
1.598015995114110410e+00
1.584625002578832209e+00
1.633660998777486384e+00
1.574106005136854947e+00
1.705008005956187844e+00
1.700483000604435802e+00
1.673954990110360086e+00
1.758238999173045158e+00
1.762762010912410915e+00
1.810677000321447849e+00
1.794755997252650559e+00
1.862603996414691210e+00
1.969943012227304280e+00
2.775126995402388275e+00
4.554094004561193287e+00
2.558325999416410923e+00
2.083908999338746071e+00
2.205684009823016822e+00
2.469931001542136073e+00
2.500457994756288826e+00
3.757329992367886007e+00
8.306207004352472723e+00
3.038358001504093409e+00
4.227817000355571508e+00
1.039516099262982607e+01
1.197802994283847511e+00
9.595020092092454433e-01
9.097259899135679007e-01
9.956059948308393359e-01
9.689089929452165961e-01
9.578559984220191836e-01
9.366750018671154976e-01
9.228699927916750312e-01
9.975800057873129845e-01
1.011855012620799243e+00
9.931920067174360156e-01
9.798420069273561239e-01
9.558000019751489162e-01
8.879860106389969587e-01
1.011553991702385247e+00
1.045901008183136582e+00
9.938949951902031898e-01
9.222890075761824846e-01
9.550600079819560051e-01
9.710940066725015640e-01
8.597900014137849212e-01
8.588920027250424027e-01
8.743640064494684339e-01
1.009268002235330641e+00
9.937650029314681888e-01
9.871130023384466767e-01
1.022962998831644654e+00
1.014285007840953767e+00
9.445319883525371552e-01
9.015079995151609182e-01
8.909110038075596094e-01
9.813239885261282325e-01
1.035831999615766108e+00
1.022197000565938652e+00
1.045914992573671043e+00
1.028133992804214358e+00
1.033492997521534562e+00
1.060993003193289042e+00
1.070529004209674895e+00
9.870349895209074020e-01
9.810760093387216330e-01
9.860959980869665742e-01
1.019884002744220197e+00
1.018966999254189432e+00
9.238990023732185364e-01
9.672430023783817887e-01
9.951780084520578384e-01
1.059905000147409737e+00
1.164468994829803705e+00
1.259292999748140574e+00
1.119042994105257094e+00
1.120084998547099531e+00
1.103542992495931685e+00
1.172903997940011322e+00
1.112475001718848944e+00
1.267056999495252967e+00
1.196565994177944958e+00
1.286481012357398868e+00
1.310221996391192079e+00
1.306147009017877281e+00
1.278032999834977090e+00
1.276574999792501330e+00
1.208616013173013926e+00
1.319301009061746299e+00
1.432814009604044259e+00
1.550392000353895128e+00
1.342965988442301750e+00
1.402531997882761061e+00
1.463006003177724779e+00
1.462898013414815068e+00
1.483849002397619188e+00
1.537675008876249194e+00
1.467687005060724914e+00
1.661697009694762528e+00
2.872803990612737834e+00
3.642419003881514072e+00
3.475707009783945978e+00
2.540946006774902344e+00
2.211131999501958489e+00
2.739029994700103998e+00
2.063791995169594884e+00
1.681362002273090184e+00
1.802418002625927329e+00
1.721337001072242856e+00
2.113224996719509363e+00
2.044016000581905246e+00
2.074011994409374893e+00
2.073352006846107543e+00
2.861422995920293033e+00
4.509926002356223762e+00
2.731357002630829811e+00
2.230382000561803579e+00
2.259133005281910300e+00
2.369795998674817383e+00
2.796999993734061718e+00
3.670292004244402051e+00
8.367165995878167450e+00
3.266760992119088769e+00
4.197026995825581253e+00
1.034952400368638337e+01
1.596384012373164296e+00
1.266307997866533697e+00
1.078150002285838127e+00
1.104812006815336645e+00
1.092496997443959117e+00
1.109499993617646396e+00
1.251566005521453917e+00
1.207513007102534175e+00
1.369411009363830090e+00
1.516477001132443547e+00
1.436532009392976761e+00
1.282388009713031352e+00
1.262104997294954956e+00
1.271783010452054441e+00
1.389099008520133793e+00
1.385033989208750427e+00
1.247501000761985779e+00
1.443867004127241671e+00
1.365029995213262737e+00
1.354549007373861969e+00
1.320113995461724699e+00
1.277025992749258876e+00
1.373242994304746389e+00
1.301309006521478295e+00
1.255359995411708951e+00
2.277651001350022852e+00
2.632425006595440209e+00
2.641680999659001827e+00
2.645558008225634694e+00
1.720618005492724478e+00
1.401122004608623683e+00
1.736669000820256770e+00
2.802695002174004912e+00
2.590623989817686379e+00
2.543954004067927599e+00
1.443639004719443619e+00
1.404467999236658216e+00
1.590882995515130460e+00
1.814056988223455846e+00
1.773339987266808748e+00
1.733313009026460350e+00
1.685216993791982532e+00
1.756038007442839444e+00
1.606520003406330943e+00
1.735582001856528223e+00
1.607115991646423936e+00
1.864096004283055663e+00
1.882512995507568121e+00
1.724653993733227253e+00
1.913761996547691524e+00
1.785433996701613069e+00
1.724339992506429553e+00
1.753285992890596390e+00
1.960624998901039362e+00
1.717802006169222295e+00
1.859900992712937295e+00
1.693048005108721554e+00
1.812395988963544369e+00
1.744937995681539178e+00
1.712761004455387592e+00
1.471923009376041591e+00
1.576303999172523618e+00
1.737236991175450385e+00
1.904578006360679865e+00
2.013582008657976985e+00
1.808579996577464044e+00
2.155080001102760434e+00
2.060629005427472293e+00
2.393257003859616816e+00
2.266777999466285110e+00
2.945656000520102680e+00
2.919065998867154121e+00
3.201850006007589400e+00
2.887898008339107037e+00
3.080563998082652688e+00
3.186693997122347355e+00
3.942266004742123187e+00
4.141988989431411028e+00
4.955523996613919735e+00
1.945116800197865814e+01
4.160301992669701576e+00
3.145347989629954100e+00
9.059251009603030980e+00
1.258440500532742590e+01
1.532559200131800026e+01
1.541306100261863321e+01
2.666600600059609860e+01
2.280782499292399734e+01
3.436253400286659598e+01
3.209696500562131405e+01
2.061202999902889132e+01
3.178566000133287162e+01
3.080259200942236930e+01
2.263283099455293268e+01
3.520838099939282984e+01
3.293766900605987757e+01
3.705552199971862137e+01
2.490846300497651100e+01
3.129540800000540912e+01
3.775249799946323037e+01
2.627123201091308147e+01
3.675711499818135053e+01
2.612356298777740449e+01
3.531532299530226737e+01
3.138329199282452464e+01
2.924625700688920915e+01
3.295491100288927555e+01
2.590421900094952434e+01
3.254114100127480924e+01
3.226512701075989753e+01
3.458022199629340321e+01
1.659229994402267039e+00
1.170138988527469337e+00
1.228673005243763328e+00
1.202508006826974452e+00
1.188064998132176697e+00
1.215670999954454601e+00
1.186537003377452493e+00
1.216240998473949730e+00
1.275135000469163060e+00
1.241118006873875856e+00
1.253937007277272642e+00
1.079523994121700525e+00
1.068318000761792064e+00
9.845289896475151181e-01
1.012833003187552094e+00
1.091291996999643743e+00
1.039926995872519910e+00
1.024337994749657810e+00
1.083915005438029766e+00
1.143002999015152454e+00
1.013361004879698157e+00
1.084286996047012508e+00
1.167574999271892011e+00
1.143912988482043147e+00
1.038374000927433372e+00
9.966829966288059950e-01
1.215764001244679093e+00
1.248977001523599029e+00
1.384205999784171581e+00
1.308201011852361262e+00
1.522068007034249604e+00
1.478967009461484849e+00
1.581695003551431000e+00
1.516007003374397755e+00
1.452609008993022144e+00
1.444383000489324331e+00
1.423794994479976594e+00
1.380617002723738551e+00
1.456812999094836414e+00
1.569623011164367199e+00
1.568024003063328564e+00
1.531237998278811574e+00
1.421752996975556016e+00
1.333687992882914841e+00
1.386486008414067328e+00
1.541475998237729073e+00
1.571957007399760187e+00
1.635370004805736244e+00
1.568286999827250838e+00
1.677527005085721612e+00
1.640785005292855203e+00
1.695918006589636207e+00
1.572590990690514445e+00
1.754344993969425559e+00
1.829004992032423615e+00
1.708492010948248208e+00
1.737461003358475864e+00
1.810764006222598255e+00
1.696919003734365106e+00
1.729910989524796605e+00
1.640071990550495684e+00
1.660447000176645815e+00
1.911316998302936554e+00
1.859102005255408585e+00
1.503179999417625368e+00
1.512668008217588067e+00
1.711001008516177535e+00
1.565219994517974555e+00
1.465510009438730776e+00
1.486666995333507657e+00
1.285703998291864991e+00
1.282343000639230013e+00
1.314270004513673484e+00
1.231885995366610587e+00
1.233545001014135778e+00
1.317700996878556907e+00
1.200989005155861378e+00
1.286180995521135628e+00
1.440591993741691113e+00
1.327995996689423919e+00
1.348324993159621954e+00
1.308947990764863789e+00
1.290983011131174862e+00
1.328958998783491552e+00
1.323354998021386564e+00
1.307154991081915796e+00
1.256638002814725041e+00
1.243306003743782640e+00
1.232319002156145871e+00
1.286233993596397340e+00
1.168852002592757344e+00
1.291833003051578999e+00
1.273549001780338585e+00
1.256486997590400279e+00
1.228830005857162178e+00
1.236869997228495777e+00
1.253613008884713054e+00
1.219503988977521658e+00
1.188967988127842546e+00
1.261505007278174162e+00
1.241815989487804472e+00
1.203211999381892383e+00
1.246130996150895953e+00
1.351640996290370822e+00
1.370288999169133604e+00
1.283022997085936368e+00
1.128544012317433953e+00
1.230848996783606708e+00
1.346791992546059191e+00
1.333246997091919184e+00
1.313183995080180466e+00
