5.159610009286552668e-01
4.518529894994571805e-01
4.073580057593062520e-01
4.241589922457933426e-01
4.007929965155199170e-01
4.296889965189620852e-01
3.907610080204904079e-01
4.073009913554415107e-01
3.735549980774521828e-01
3.565619990695267916e-01
3.862940066028386354e-01
5.660550086759030819e-01
4.224629956297576427e-01
4.203659918857738376e-01
3.645719989435747266e-01
4.446370003279298544e-01
3.628129925346001983e-01
3.787850000662729144e-01
4.036250029457733035e-01
4.044219967909157276e-01
3.933209954993799329e-01
3.870329965138807893e-01
3.741179971257224679e-01
3.462930035311728716e-01
3.447299968684092164e-01
3.730129974428564310e-01
3.563970094546675682e-01
3.590730048017576337e-01
3.723600093508139253e-01
3.742389963008463383e-01
3.839199926005676389e-01
4.339940060162916780e-01
5.813890020363032818e-01
4.348100046627223492e-01
3.858580021187663078e-01
4.040339990751817822e-01
4.052040021633729339e-01
3.905459889210760593e-01
3.719160013133659959e-01
4.230789927532896399e-01
3.624389937613159418e-01
3.651110018836334348e-01
4.113440081709995866e-01
3.944890049751847982e-01
4.065469984197989106e-01
4.097330092918127775e-01
4.284210008336231112e-01
3.737039951374754310e-01
4.138949880143627524e-01
4.878390027442947030e-01
3.910410014213994145e-01
4.124120023334398866e-01
3.921320021618157625e-01
3.758469974854961038e-01
3.875179972965270281e-01
3.822119906544685364e-01
3.714360063895583153e-01
3.659270005300641060e-01
3.926310018869116902e-01
3.526810032781213522e-01
3.703809925355017185e-01
3.712350007845088840e-01
3.745889989659190178e-01
3.626219986472278833e-01
3.992040001321583986e-01
3.823959996225312352e-01
4.718999989563599229e-01
3.762620035558938980e-01
3.796379896812140942e-01
3.765120054595172405e-01
3.434549871599301696e-01
4.074109892826527357e-01
3.792940115090459585e-01
3.921520110452547669e-01
3.701259993249550462e-01
3.769989998545497656e-01
3.861010045511648059e-01
3.792740026256069541e-01
3.884880134137347341e-01
3.440440050326287746e-01
3.590800042729824781e-01
3.642459923867136240e-01
4.305729962652549148e-01
3.812429931713268161e-01
3.722719993675127625e-01
3.929409867851063609e-01
3.918050060747191310e-01
3.437230043346062303e-01
3.541939950082451105e-01
3.345560107845813036e-01
3.103170020040124655e-01
3.480110026430338621e-01
3.964670031564310193e-01
3.822470025625079870e-01
3.964579955209046602e-01
3.909480001311749220e-01
3.815149975707754493e-01
3.844769962597638369e-01
3.807500033872202039e-01
4.810969985555857420e-01
3.635250031948089600e-01
3.792679926846176386e-01
3.519040037645027041e-01
3.397109976503998041e-01
3.827620093943551183e-01
3.275600029155611992e-01
3.859979915432631969e-01
3.555849980330094695e-01
3.643360105343163013e-01
3.528140077833086252e-01
3.364650037838146091e-01
5.000139935873448849e-01
3.695000050356611609e-01
3.754560020752251148e-01
3.598000039346516132e-01
3.587709943531081080e-01
3.308629966340959072e-01
3.357120003784075379e-01
3.403099981369450688e-01
3.585629892768338323e-01
3.203739906894043088e-01
3.396920074010267854e-01
3.433189995121210814e-01
3.339730028528720140e-01
3.280550008639693260e-01
3.382120048627257347e-01
3.908409998985007405e-01
3.222759987693279982e-01
3.164329973515123129e-01
3.296299983048811555e-01
3.541949990903958678e-01
3.753649943973869085e-01
3.449140058364719152e-01
3.493080002954229712e-01
3.234540054108947515e-01
3.246609994675964117e-01
3.598600014811381698e-01
3.442960005486384034e-01
3.471870004432275891e-01
3.727290022652596235e-01
3.472229873295873404e-01
3.348219906911253929e-01
3.404559975024312735e-01
4.048480041092261672e-01
3.369110054336488247e-01
3.304670099169015884e-01
3.600199997890740633e-01
3.526009968481957912e-01
3.401970025151968002e-01
3.524359926814213395e-01
3.434269892750307918e-01
3.327289887238293886e-01
3.844189923256635666e-01
3.604869998525828123e-01
3.647640114650130272e-01
3.216459881514310837e-01
3.504000051179900765e-01
3.677450004033744335e-01
3.419999993639066815e-01
3.559100005077198148e-01
4.103530081920325756e-01
3.267940046498551965e-01
3.573880094336345792e-01
3.549590037437155843e-01
3.603730001486837864e-01
3.628910053521394730e-01
3.349550097482278943e-01
3.415100072743371129e-01
3.692629979923367500e-01
3.370050108060240746e-01
3.133979917038232088e-01
3.370479971636086702e-01
3.525700012687593699e-01
3.443349996814504266e-01
3.592260036384686828e-01
3.782989952014759183e-01
3.578540054149925709e-01
4.541759990388527513e-01
3.700380038935691118e-01
3.618629998527467251e-01
3.370530030224472284e-01
3.844629973173141479e-01
3.298499941593036056e-01
3.281760000390931964e-01
3.084119962295517325e-01
3.342730051372200251e-01
3.759730025194585323e-01
3.922649921150878072e-01
3.812499926425516605e-01
3.615400055423378944e-01
3.834359959000721574e-01
3.782889980357140303e-01
3.568609972717240453e-01
4.566739953588694334e-01
3.579980111680924892e-01
3.203320084139704704e-01
3.392329963389784098e-01
3.597359900595620275e-01
3.570690023479983211e-01
3.624029923230409622e-01
3.577190072974190116e-01
3.466329944785684347e-01
3.254050097893923521e-01
3.805820015259087086e-01
3.865549952024593949e-01
3.549770044628530741e-01
3.837529948214069009e-01
3.607550024753436446e-01
3.587630053516477346e-01
3.485890047159045935e-01
4.256210086168721318e-01
3.352229978190734982e-01
3.422879963181912899e-01
3.295530041214078665e-01
3.720749955391511321e-01
3.621299983933568001e-01
3.639710048446431756e-01
3.658960049506276846e-01
3.953400009777396917e-01
3.667339915409684181e-01
3.522560000419616699e-01
3.576270100893452764e-01
7.137319917092099786e-01
6.040200096322223544e-01
4.423210048116743565e-01
3.851080109598115087e-01
3.742069966392591596e-01
4.070239956490695477e-01
4.159410018473863602e-01
4.337769933044910431e-01
3.851959918392822146e-01
4.343619948485866189e-01
4.089420108357444406e-01
4.311480006435886025e-01
3.774499928113073111e-01
3.944109921576455235e-01
3.591579879866912961e-01
4.737900017062202096e-01
4.007690004073083401e-01
3.887750062858685851e-01
5.743899964727461338e-01
9.645329992054030299e-01
8.742880017962306738e-01
8.010650053620338440e-01
7.198829989647492766e-01
7.547179993707686663e-01
7.873529975768178701e-01
7.553210016340017319e-01
7.898909971117973328e-01
7.852359995013102889e-01
8.589460048824548721e-01
8.727870008442550898e-01
7.837199955247342587e-01
6.079050072003155947e-01
5.181969900149852037e-01
3.850509965559467673e-01
3.719530068337917328e-01
3.971210098825395107e-01
3.753060009330511093e-01
3.875330003211274743e-01
3.372409992152824998e-01
5.010559980291873217e-01
4.419730103109031916e-01
4.285699978936463594e-01
4.436279996298253536e-01
3.864449972752481699e-01
9.514669945929199457e-01
8.102950087049975991e-01
7.897970062913373113e-01
7.244669977808371186e-01
7.449060067301616073e-01
9.535040007904171944e-01
7.544689869973808527e-01
7.581370009575039148e-01
5.814479955006390810e-01
5.015259957872331142e-01
3.983380011050030589e-01
4.551619931589812040e-01
4.854120052186772227e-01
4.095470067113637924e-01
3.298170049674808979e-01
3.474949917290359735e-01
3.516529977787286043e-01
3.729339950950816274e-01
3.254089970141649246e-01
3.447199997026473284e-01
3.919439914170652628e-01
3.246880078222602606e-01
5.162640009075403214e-01
3.654230094980448484e-01
3.226200060453265905e-01
3.983420028816908598e-01
3.644449898274615407e-01
4.481899959500879049e-01
4.204340075375512242e-01
4.147760046180337667e-01
4.243440052960067987e-01
3.817530086962506175e-01
3.801209968514740467e-01
3.514889976941049099e-01
3.590470005292445421e-01
3.265519917476922274e-01
3.557099989848211408e-01
4.403170023579150438e-01
5.067090096417814493e-01
4.489929997362196445e-01
4.653649957617744803e-01
4.398899909574538469e-01
3.993339923908933997e-01
4.601499967975541949e-01
4.353239928605034947e-01
3.772860072785988450e-01
3.544140054145827889e-01
4.048120026709511876e-01
4.068919952260330319e-01
3.812479990301653743e-01
3.422129957471042871e-01
3.420580032980069518e-01
3.365040029166266322e-01
3.327580052427947521e-01
3.343769931234419346e-01
4.683149891206994653e-01
3.908229991793632507e-01
4.005149967269971967e-01
3.910160012310370803e-01
3.529590030666440725e-01
3.620159986894577742e-01
3.928150108549743891e-01
3.448700008448213339e-01
3.504240012262016535e-01
3.789330075960606337e-01
3.414059901842847466e-01
3.412929945625364780e-01
5.972060025669634342e-01
5.055310030002146959e-01
4.856430023210123181e-01
4.589689924614503980e-01
4.626300069503486156e-01
4.533010069280862808e-01
4.852559941355139017e-01
3.452490054769441485e-01
3.595900052459910512e-01
3.351329942233860493e-01
4.575360071612522006e-01
4.341460007708519697e-01
4.523370007518678904e-01
4.321320011513307691e-01
4.893310106126591563e-01
4.520809889072552323e-01
3.355649969307705760e-01
4.056650068378075957e-01
3.536930016707628965e-01
3.453870012890547514e-01
4.229100013617426157e-01
3.415859973756596446e-01
4.163459962001070380e-01
3.561639896361157298e-01
4.930370050715282559e-01
4.480369971133768559e-01
3.882919991156086326e-01
4.885170055786147714e-01
4.045669920742511749e-01
4.201299889246001840e-01
3.729750023921951652e-01
3.816300013568252325e-01
4.536199994618073106e-01
3.752100019482895732e-01
3.467479982646182179e-01
3.781130071729421616e-01
3.517570003168657422e-01
3.477739955997094512e-01
3.855690010823309422e-01
4.124429979128763080e-01
4.158149968134239316e-01
4.021030035801231861e-01
3.620890056481584907e-01
3.518230078043416142e-01
3.900989977410063148e-01
5.214669945416972041e-01
4.291930090403184295e-01
3.950370009988546371e-01
3.886079939547926188e-01
6.958380108699202538e-01
6.865699979243800044e-01
1.189123999211005867e+00
1.018798007862642407e+00
9.158629982266575098e-01
8.552180079277604818e-01
8.301539928652346134e-01
8.012050093384459615e-01
8.155089890351518989e-01
8.167630003299564123e-01
8.377119957003742456e-01
8.890809986041858792e-01
8.965000015450641513e-01
8.617910061730071902e-01
8.014269988052546978e-01
8.049979951465502381e-01
7.939450006233528256e-01
9.874249954009428620e-01
7.953079912113025784e-01
8.056810038397088647e-01
8.720269979676231742e-01
8.402400126215070486e-01
8.585360046708956361e-01
8.257689914898946881e-01
8.185990009224042296e-01
8.208139915950596333e-01
8.302019996335729957e-01
8.096050005406141281e-01
8.224829944083467126e-01
8.149680070346221328e-01
8.069760078797116876e-01
7.812639960320666432e-01
8.063690038397908211e-01
1.038652000715956092e+00
8.635139965917915106e-01
8.121240098262205720e-01
7.481909997295588255e-01
7.319639989873394370e-01
7.663110009161755443e-01
7.114040054148063064e-01
7.275110110640525818e-01
7.475510064978152514e-01
7.886429957579821348e-01
7.454500009771436453e-01
8.109210029942914844e-01
7.778259896440431476e-01
7.799769955454394221e-01
8.059390092967078090e-01
8.152039954438805580e-01
8.103250002022832632e-01
1.070690006599761546e+00
8.486680017085745931e-01
8.647159993415698409e-01
8.204909972846508026e-01
8.113570074783638120e-01
7.869620021665468812e-01
7.886739913374185562e-01
7.066399994073435664e-01
6.924830086063593626e-01
6.975879950914531946e-01
7.532689924119040370e-01
7.040159980533644557e-01
9.243330132449045777e-01
8.257739973487332463e-01
7.976769993547350168e-01
9.462150046601891518e-01
4.630299954442307353e-01
4.377029981696978211e-01
4.149860033066943288e-01
4.021539934910833836e-01
3.963600029237568378e-01
3.980539913754910231e-01
4.092480085091665387e-01
4.161870019743219018e-01
4.149979940848425031e-01
4.145819984842091799e-01
3.974559949710965157e-01
4.977030039299279451e-01
3.980409965151920915e-01
4.040909989271312952e-01
4.021499917143955827e-01
4.102910024812445045e-01
3.889999934472143650e-01
4.041279898956418037e-01
3.989319957327097654e-01
3.985930088674649596e-01
3.992620040662586689e-01
3.879229916492477059e-01
3.990239929407835007e-01
4.094950127182528377e-01
4.048679984407499433e-01
3.951389953726902604e-01
4.171670007053762674e-01
3.984189970651641488e-01
4.646649904316291213e-01
4.014149890281260014e-01
3.723730042111128569e-01
3.712350007845088840e-01
3.811280039371922612e-01
4.074379976373165846e-01
4.461060016183182597e-01
4.316809936426579952e-01
4.353260010248050094e-01
3.853829985018819571e-01
3.627499972935765982e-01
3.631410072557628155e-01
3.399809938855469227e-01
3.507979999994859099e-01
3.536299918778240681e-01
3.759199898922815919e-01
3.593779983930289745e-01
4.233539948472753167e-01
3.382879949640482664e-01
4.049010021844878793e-01
3.695069899549707770e-01
3.609110135585069656e-01
3.641910006990656257e-01
4.014220030512660742e-01
3.704000118887051940e-01
3.865100006805732846e-01
3.976659936597570777e-01
3.678990033222362399e-01
3.331750049255788326e-01
3.546799998730421066e-01
3.826669999398291111e-01
3.509230009512975812e-01
3.844410093734040856e-01
4.038869956275448203e-01
5.843229882884770632e-01
4.045790119562298059e-01
3.405820025363937020e-01
3.539030003594234586e-01
3.456900012679398060e-01
3.939110029023140669e-01
3.397479886189103127e-01
3.603460063459351659e-01
4.043090011691674590e-01
4.060159990331158042e-01
3.831880021607503295e-01
3.496540011838078499e-01
3.500379971228539944e-01
3.436840052017942071e-01
3.576699964469298720e-01
3.681079979287460446e-01
4.106369888177141547e-01
3.515670105116441846e-01
3.554339928086847067e-01
3.517400036798790097e-01
3.815850068349391222e-01
4.060890059918165207e-01
3.943830088246613741e-01
3.714880003826692700e-01
3.845180035568773746e-01
3.529149980749934912e-01
3.893269895343109965e-01
3.911609965143725276e-01
3.391030040802434087e-01
3.926770004909485579e-01
3.209469869034364820e-01
3.370930062374100089e-01
3.347419988131150603e-01
4.332319949753582478e-01
4.061409999849274755e-01
4.113769973628222942e-01
3.626950056059285998e-01
4.004349902970716357e-01
4.169699968770146370e-01
4.139500088058412075e-01
3.414120001252740622e-01
3.427180054131895304e-01
3.374169900780543685e-01
3.325069992570206523e-01
3.234520117985084653e-01
9.209329873556271195e-01
9.586270025465637445e-01
6.865790055599063635e-01
5.976760003250092268e-01
6.007949996273964643e-01
6.086390058044344187e-01
5.970929923932999372e-01
5.668599915225058794e-01
5.172600067453458905e-01
5.126920004840940237e-01
5.532740033231675625e-01
5.161090084584429860e-01
5.129019991727545857e-01
5.093270010547712445e-01
5.012610054109245539e-01
6.271759921219199896e-01
4.958109930157661438e-01
4.993629991076886654e-01
4.982079990440979600e-01
4.973129980498924851e-01
4.927519912598654628e-01
5.054210050730034709e-01
4.920299979858100414e-01
4.379929887363687158e-01
4.769260121975094080e-01
4.369559901533648372e-01
4.166279977653175592e-01
4.294609971111640334e-01
3.793419891735538840e-01
4.012999997939914465e-01
4.304530011722818017e-01
4.381509934319183230e-01
6.931069947313517332e-01
4.607180017046630383e-01
3.959629975724965334e-01
3.710180026246234775e-01
3.704619884956628084e-01
3.659229987533763051e-01
3.556540032150223851e-01
3.917830035788938403e-01
3.505069907987490296e-01
4.028209950774908066e-01
3.881070006173104048e-01
3.533470007823780179e-01
3.499900049064308405e-01
3.962119953939691186e-01
3.923100011888891459e-01
3.661710070446133614e-01
3.651300066849216819e-01
4.523099923972040415e-01
3.299749951111152768e-01
3.539390017976984382e-01
3.724459966178983450e-01
3.342299896758049726e-01
3.498019941616803408e-01
3.534970019245520234e-01
3.576430026441812515e-01
3.707169962581247091e-01
3.701920068124309182e-01
3.862919984385371208e-01
4.033909935969859362e-01
4.103139945073053241e-01
3.804099978879094124e-01
3.426099865464493632e-01
3.423969901632517576e-01
3.458159917499870062e-01
4.190600011497735977e-01
3.454439865890890360e-01
3.303340054117143154e-01
3.533010021783411503e-01
3.913260006811469793e-01
3.953959967475384474e-01
3.856850089505314827e-01
3.921760071534663439e-01
3.663069946924224496e-01
3.523459890857338905e-01
3.406750038266181946e-01
3.104770003119483590e-01
3.191380092175677419e-01
3.177599865011870861e-01
3.250000008847564459e-01
3.601270000217482448e-01
4.284620081307366490e-01
3.672919992823153734e-01
3.759870014619082212e-01
4.005240043625235558e-01
4.079890059074386954e-01
4.022189968964084983e-01
4.154439957346767187e-01
3.993790014646947384e-01
3.924940101569518447e-01
3.892630047630518675e-01
3.943589981645345688e-01
3.338649985380470753e-01
3.629580023698508739e-01
3.531910042511299253e-01
3.365070006111636758e-01
3.781109990086406469e-01
3.840339923044666648e-01
4.624379944289103150e-01
3.889200015692040324e-01
3.448229981586337090e-01
3.308409941382706165e-01
3.248029970563948154e-01
3.502559993648901582e-01
3.113370039500296116e-01
3.219950012862682343e-01
3.374960069777444005e-01
3.638240013970062137e-01
3.775049990508705378e-01
4.230420017847791314e-01
4.487909900490194559e-01
3.953539999201893806e-01
3.817920078290626407e-01
3.280920063843950629e-01
3.581329947337508202e-01
3.747279988601803780e-01
3.694699989864602685e-01
3.876270056935027242e-01
3.574989968910813332e-01
3.573010035324841738e-01
3.553379938239231706e-01
3.544039936969056726e-01
3.505009954096749425e-01
3.260809899074956775e-01
3.798309917328879237e-01
4.266819887561723590e-01
3.360620030434802175e-01
3.661039954749867320e-01
3.729289892362430692e-01
3.392130020074546337e-01
3.721919929375872016e-01
3.691009915200993419e-01
3.379900008440017700e-01
3.319889947306364775e-01
3.542600024957209826e-01
3.672439925139769912e-01
3.738969971891492605e-01
3.542479971656575799e-01
3.554099967004731297e-01
3.235150070395320654e-01
3.303260018583387136e-01
3.565270017134025693e-01
4.349080118117853999e-01
3.425729955779388547e-01
3.383030125405639410e-01
3.429570060689002275e-01
3.491490060696378350e-01
3.950270038330927491e-01
3.588769905036315322e-01
3.707959986058995128e-01
3.361520066391676664e-01
6.241560040507465601e-01
1.073508989065885544e+00
9.688720019767060876e-01
7.786299975123256445e-01
5.130200006533414125e-01
4.388530069263651967e-01
4.457749892026185989e-01
4.211180057609453797e-01
5.726239905925467610e-01
4.150320019107311964e-01
4.470369894988834858e-01
4.089380090590566397e-01
4.124859988223761320e-01
3.451609954936429858e-01
4.002170026069507003e-01
3.738920058822259307e-01
4.138239892199635506e-01
3.718539956025779247e-01
4.171610053163021803e-01
3.697320062201470137e-01
7.644170109415426850e-01
6.833349907537922263e-01
4.382089973660185933e-01
8.394350006710737944e-01
7.681209972361102700e-01
8.707590022822842002e-01
6.855920073576271534e-01
6.907159986440092325e-01
7.921350043034180999e-01
8.705920045031234622e-01
6.436520052375271916e-01
3.825739986496046185e-01
3.841800062218680978e-01
4.100780060980468988e-01
3.858339914586395025e-01
6.000470020808279514e-01
4.412879934534430504e-01
4.231339989928528666e-01
3.891669912263751030e-01
4.016349994344636798e-01
4.318370047258213162e-01
5.710029945475980639e-01
4.326909984229132533e-01
4.458330076886340976e-01
4.477659967960789800e-01
4.198440001346170902e-01
4.053419979754835367e-01
4.127319989493116736e-01
4.809149977518245578e-01
4.866070084972307086e-01
5.081619892735034227e-01
4.623849963536486030e-01
4.261690046405419707e-01
4.375020071165636182e-01
3.860909928334876895e-01
3.597369941417127848e-01
3.703760012285783887e-01
4.081590013811364770e-01
4.838150052819401026e-01
3.898910072166472673e-01
4.446870007086545229e-01
4.114649927942082286e-01
3.875219990732148290e-01
3.482439933577552438e-01
3.827440086752176285e-01
3.686599957291036844e-01
3.822599974228069186e-01
3.943449992220848799e-01
4.448889958439394832e-01
4.405060026329010725e-01
9.424620075151324272e-01
8.840470109134912491e-01
8.419180085184052587e-01
7.096189947333186865e-01
7.188050076365470886e-01
7.910370040917769074e-01
7.495409954572096467e-01
7.667390018468722701e-01
7.789290102664381266e-01
7.424989889841526747e-01
8.244049968197941780e-01
7.293360104085877538e-01
7.487679977202787995e-01
8.880690002115443349e-01
8.625909977126866579e-01
9.480549924774095416e-01
7.643120043212547898e-01
7.580670062452554703e-01
8.068070019362494349e-01
7.801780011504888535e-01
8.168130007106810808e-01
7.616119983140379190e-01
7.658560061827301979e-01
7.592619949718937278e-01
7.508279959438368678e-01
7.539359939983114600e-01
7.705879979766905308e-01
7.625589933013543487e-01
7.317580020753666759e-01
5.908770108362659812e-01
4.215079970890656114e-01
4.220470000291243196e-01
4.671170026995241642e-01
4.114180046599358320e-01
4.255380044924095273e-01
3.928520018234848976e-01
4.285069881007075310e-01
4.217070090817287564e-01
4.908139962935820222e-01
6.506250065285712481e-01
4.346589994383975863e-01
4.201269912300631404e-01
3.971969999838620424e-01
3.519440069794654846e-01
9.008120105136185884e-01
8.232550026150420308e-01
8.928129973355680704e-01
8.035140053834766150e-01
8.666719950269907713e-01
9.422529983567073941e-01
7.376480061793699861e-01
7.461450004484504461e-01
7.058820046950131655e-01
7.307250052690505981e-01
7.657389942323789001e-01
7.589199958601966500e-01
7.342410099226981401e-01
7.267579931067302823e-01
7.391190010821446776e-01
6.920109881320968270e-01
6.661289953626692295e-01
6.997529999352991581e-01
6.788510072510689497e-01
1.011571002891287208e+00
4.028240073239430785e-01
3.747489972738549113e-01
4.733310051960870624e-01
3.835509996861219406e-01
3.580079937819391489e-01
4.015939921373501420e-01
4.271060024620965123e-01
4.042119981022551656e-01
3.963439958170056343e-01
3.351259947521612048e-01
3.434519894653931260e-01
3.654809988802298903e-01
3.336390072945505381e-01
3.366399905644357204e-01
3.661239898065105081e-01
3.717130020959302783e-01
3.623240045271813869e-01
3.521309990901499987e-01
4.770660016220062971e-01
3.792740026256069541e-01
3.606480022426694632e-01
3.775450022658333182e-01
4.088889982085675001e-01
4.411160043673589826e-01
4.512190062087029219e-01
4.076000041095539927e-01
3.906810015905648470e-01
3.856130060739815235e-01
3.929319937014952302e-01
3.683629911392927170e-01
3.583580109989270568e-01
3.583789948606863618e-01
3.889520012307912111e-01
3.564200014807283878e-01
3.308089944766834378e-01
4.066279943799600005e-01
3.613449953263625503e-01
3.699840017361566424e-01
3.422979934839531779e-01
3.845939936581999063e-01
3.957219887524843216e-01
4.020920023322105408e-01
4.430209955899044871e-01
4.013709985883906484e-01
4.204119904898107052e-01
4.233520012348890305e-01
4.270649951649829745e-01
5.163909954717382789e-01
4.062590014655143023e-01
4.019370098831132054e-01
3.438179992372170091e-01
3.484249900793656707e-01
3.633610031101852655e-01
3.510490059852600098e-01
3.301789984107017517e-01
3.266249987063929439e-01
3.947289951611310244e-01
4.013209982076659799e-01
3.817580000031739473e-01
3.915720008080825210e-01
4.359349986771121621e-01
4.441139899427071214e-01
4.915190074825659394e-01
3.791190101765096188e-01
3.802779974648728967e-01
3.647440025815740228e-01
3.669299912871792912e-01
3.654750034911558032e-01
3.925290075130760670e-01
3.923299955204129219e-01
3.963750059483572841e-01
3.988069947808980942e-01
4.098270001122727990e-01
3.794109943555667996e-01
3.921949974028393626e-01
3.484479966573417187e-01
3.654890024336054921e-01
3.790610062424093485e-01
3.682329988805577159e-01
4.426009982125833631e-01
3.772229974856600165e-01
4.115670017199590802e-01
4.029090050607919693e-01
3.798629913944751024e-01
3.827379987342283130e-01
3.757610102184116840e-01
3.617549955379217863e-01
3.788309986703097820e-01
3.729949967237189412e-01
3.860029974021017551e-01
3.618299961090087891e-01
3.667010023491457105e-01
3.394530067453160882e-01
3.657640045275911689e-01
3.660610091174021363e-01
3.797219978878274560e-01
4.484670062083750963e-01
3.617590118665248156e-01
3.805189917329698801e-01
4.634299984900280833e-01
3.847789921564981341e-01
3.122299967799335718e-01
3.253930044593289495e-01
3.425280010560527444e-01
3.215879987692460418e-01
3.222770028514787555e-01
3.585210070013999939e-01
3.924749908037483692e-01
3.768590104300528765e-01
3.726499999174848199e-01
3.816639946307986975e-01
3.840599965769797564e-01
3.541180049069225788e-01
4.620910040102899075e-01
3.632779989857226610e-01
3.614940069383010268e-01
3.489939990686252713e-01
3.872759989462792873e-01
3.577059978852048516e-01
4.033809964312240481e-01
3.614229935919865966e-01
3.651320002973079681e-01
3.420579887460917234e-01
3.515959979267790914e-01
3.641719958977773786e-01
3.666869888547807932e-01
3.971210098825395107e-01
4.093559982720762491e-01
4.183720011496916413e-01
4.358409933047369123e-01
3.878629941027611494e-01
3.728479932760819793e-01
3.541369951562955976e-01
3.398560074856504798e-01
3.800080012297257781e-01
3.797620011027902365e-01
3.646739933174103498e-01
3.604119992814958096e-01
3.985749935964122415e-01
3.856989933410659432e-01
3.575959999579936266e-01
3.450099902693182230e-01
3.554090071702376008e-01
3.595579910324886441e-01
3.934889973606914282e-01
3.910329978680238128e-01
4.914559976896271110e-01
3.885519981849938631e-01
3.821639984380453825e-01
3.761319967452436686e-01
3.897119895555078983e-01
3.892699896823614836e-01
3.638990019680932164e-01
3.783659922191873193e-01
3.715159982675686479e-01
3.640649956651031971e-01
3.778519894694909453e-01
3.657619963632896543e-01
9.309660090366378427e-01
7.924459932837635279e-01
5.701440095435827971e-01
4.409099929034709930e-01
4.449650004971772432e-01
4.797949950443580747e-01
4.467019898584112525e-01
4.102459934074431658e-01
4.974320036126300693e-01
3.961540060117840767e-01
4.028059920528903604e-01
4.385590000310912728e-01
4.501760122366249561e-01
3.737560036825016141e-01
3.685400006361305714e-01
4.397349985083565116e-01
3.636730107245966792e-01
3.683889954118058085e-01
3.849019994959235191e-01
4.259690031176432967e-01
3.787699970416724682e-01
4.362980107543990016e-01
4.594539932440966368e-01
4.172689950792118907e-01
4.240840062266215682e-01
4.035669990116730332e-01
3.623570082709193230e-01
4.009309923276305199e-01
3.361749986652284861e-01
3.559830074664205313e-01
3.564229991752654314e-01
4.002800123998895288e-01
4.710110079031437635e-01
4.456349997781217098e-01
4.354770062491297722e-01
4.103059909539297223e-01
4.058460035594180226e-01
3.715050115715712309e-01
4.331749951234087348e-01
4.447149985935539007e-01
4.428889951668679714e-01
4.301580047467723489e-01
4.155909991823136806e-01
3.812120121438056231e-01
4.026950045954436064e-01
4.177600058028474450e-01
4.193510103505104780e-01
4.161159886280074716e-01
3.985119983553886414e-01
4.523649986367672682e-01
3.565040096873417497e-01
3.755759971681982279e-01
4.027719987789168954e-01
3.528979868860915303e-01
3.861189907183870673e-01
3.603539953473955393e-01
4.062429943587630987e-01
3.710570017574355006e-01
3.349670005263760686e-01
3.430500073591247201e-01
3.378469991730526090e-01
3.802319988608360291e-01
4.036379978060722351e-01
3.579569893190637231e-01
3.943070041714236140e-01
3.839759883703663945e-01
4.236179956933483481e-01
3.930300008505582809e-01
4.367459914647042751e-01
4.062410007463768125e-01
3.819889971055090427e-01
4.054720047861337662e-01
4.045889945700764656e-01
4.174219939159229398e-01
4.020129999844357371e-01
4.023760120617225766e-01
3.905170015059411526e-01
3.664749965537339449e-01
3.924670018022879958e-01
3.453550016274675727e-01
4.725489998236298561e-01
4.125330015085637569e-01
4.750099906232208014e-01
4.043820081278681755e-01
3.951109974877908826e-01
4.011700075352564454e-01
4.011580022051930428e-01
3.717239887919276953e-01
3.802840074058622122e-01
3.787290042964741588e-01
3.908630023943260312e-01
3.924210031982511282e-01
4.077820049133151770e-01
3.906859928974881768e-01
3.904180048266425729e-01
3.707720024976879358e-01
3.806210006587207317e-01
3.797989920713007450e-01
3.508990048430860043e-01
3.956799919251352549e-01
3.215059987269341946e-01
3.223149979021400213e-01
3.198729973519220948e-01
3.485749912215396762e-01
3.633510059444233775e-01
3.326689911773428321e-01
3.708919975906610489e-01
3.821800055447965860e-01
3.848400083370506763e-01
3.359850088600069284e-01
3.822639991994947195e-01
4.756879934575408697e-01
4.125400009797886014e-01
4.380530008347705007e-01
4.063210071763023734e-01
3.771340125240385532e-01
3.558409953257068992e-01
3.748670133063569665e-01
4.105549887754023075e-01
3.526689979480579495e-01
3.489789960440248251e-01
3.774850047193467617e-01
3.563310019671916962e-01
3.715719940373674035e-01
3.518379962770268321e-01
3.790220071095973253e-01
5.183149914955720305e-01
4.334800032665953040e-01
4.031849966850131750e-01
3.995060105808079243e-01
3.790610062424093485e-01
3.600150084821507335e-01
3.832350048469379544e-01
4.178630042588338256e-01
4.129680019104853272e-01
4.006530070910230279e-01
3.481729945633560419e-01
3.484660119283944368e-01
3.491569950710982084e-01
4.135439958190545440e-01
4.681690043071284890e-01
4.425009974511340261e-01
4.511020088102668524e-01
5.193989927647635341e-01
3.747340088011696935e-01
3.610860003391280770e-01
3.847920015687122941e-01
3.848659980576485395e-01
3.766310110222548246e-01
3.615629975683987141e-01
3.987959935329854488e-01
4.158180090598762035e-01
4.060419887537136674e-01
3.972699923906475306e-01
4.379879974294453859e-01
3.860310098389163613e-01
3.854899987345561385e-01
3.515479911584407091e-01
3.497489960864186287e-01
4.719470016425475478e-01
5.343700031517073512e-01
4.368040099507197738e-01
4.631329939002171159e-01
5.266549997031688690e-01
4.463849909370765090e-01
4.282029985915869474e-01
4.334440018283203244e-01
3.340619878144934773e-01
3.377099928911775351e-01
3.927220095647498965e-01
3.330129984533414245e-01
3.791029885178431869e-01
4.240980051690712571e-01
4.165110003668814898e-01
4.424899962032213807e-01
4.844659997615963221e-01
4.450830019777640700e-01
4.493580054258927703e-01
3.675759944599121809e-01
3.953569976147264242e-01
3.899500006809830666e-01
4.391489928821101785e-01
4.001320048701018095e-01
4.215930093778297305e-01
3.726359864231199026e-01
4.326169873820617795e-01
3.904639888787642121e-01
3.633180022006854415e-01
3.704849950736388564e-01
4.164830024819821119e-01
4.236789973219856620e-01
4.349679948063567281e-01
4.295719991205260158e-01
5.035759968450292945e-01
3.733129997272044420e-01
3.523270133882761002e-01
4.004170041298493743e-01
3.482409956632182002e-01
3.821220016106963158e-01
3.948680096073076129e-01
4.046419926453381777e-01
4.266729956725612283e-01
4.262000002199783921e-01
4.485090030357241631e-01
4.371920076664537191e-01
4.044759989483281970e-01
4.090659931534901261e-01
4.259109991835430264e-01
4.484770033741369843e-01
3.740760002983734012e-01
4.141249955864623189e-01
3.379019908607006073e-01
4.131130117457360029e-01
3.958479937864467502e-01
3.380269918125122786e-01
3.571699926396831870e-01
4.962730017723515630e-01
4.088830028194934130e-01
4.946959961671382189e-01
4.702160076703876257e-01
4.497949994402006269e-01
4.156500071985647082e-01
4.798949958058074117e-01
3.851939982268959284e-01
3.808949986705556512e-01
3.350850020069628954e-01
3.442790039116516709e-01
3.333049971843138337e-01
3.422750014578923583e-01
3.353250067448243499e-01
3.638100024545565248e-01
3.839190030703321099e-01
3.670959995361045003e-01
3.656530025182291865e-01
3.559129982022568583e-01
3.679689980344846845e-01
3.818379918811842799e-01
4.500139912124723196e-01
3.519449965097010136e-01
3.526159998727962375e-01
3.476989950286224484e-01
3.364870062796398997e-01
3.307299921289086342e-01
3.498459991533309221e-01
3.597460017772391438e-01
3.543039929354563355e-01
3.883370081894099712e-01
3.616670001065358520e-01
4.043030057800933719e-01
3.937239962397143245e-01
3.786879969993606210e-01
3.584389924071729183e-01
3.552690031938254833e-01
3.579479962354525924e-01
4.464869998628273606e-01
3.586910024750977755e-01
3.329430037410929799e-01
3.484260087134316564e-01
3.668760036816820502e-01
3.791899944189935923e-01
3.593820001697167754e-01
3.553799906512722373e-01
3.597690083552151918e-01
3.639630012912675738e-01
3.682380047393962741e-01
3.411010111449286342e-01
3.486450004857033491e-01
3.847199986921623349e-01
3.671520098578184843e-01
3.386919997865334153e-01
3.541750047588720918e-01
4.633630014723166823e-01
3.666099946713075042e-01
3.738230007002130151e-01
3.850259963655844331e-01
3.632540028775110841e-01
3.584310034057125449e-01
3.517279983498156071e-01
3.542190097505226731e-01
3.639350034063681960e-01
3.425739996600896120e-01
3.449130017543211579e-01
3.521049948176369071e-01
3.418460109969601035e-01
3.557599993655458093e-01
3.667889977805316448e-01
3.492809919407591224e-01
3.343480057083070278e-01
3.982130001531913877e-01
3.342190029798075557e-01
3.577309980755671859e-01
3.830999921774491668e-01
3.778690006583929062e-01
4.106519918423146009e-01
3.567540115909650922e-01
3.470819938229396939e-01
3.877609997289255261e-01
3.605700039770454168e-01
1.708226001937873662e+00
3.611360007198527455e-01
3.263520047767087817e-01
3.268930013291537762e-01
3.537960001267492771e-01
3.527730004861950874e-01
4.247199976816773415e-01
3.667150012915953994e-01
3.765059955185279250e-01
3.561550111044198275e-01
3.549880057107657194e-01
3.643800009740516543e-01
3.719030064530670643e-01
3.884539910359308124e-01
3.689909935928881168e-01
3.555600123945623636e-01
3.901159943779930472e-01
3.538059972925111651e-01
3.762530104722827673e-01
3.531649999786168337e-01
3.513839910738170147e-01
3.611840074881911278e-01
3.876560076605528593e-01
4.475540044950321317e-01
3.883299941662698984e-01
3.929069935111328959e-01
4.120830126339569688e-01
3.859719872707501054e-01
3.754089993890374899e-01
3.688610013341531157e-01
3.936360008083283901e-01
3.770559997064992785e-01
3.762120031751692295e-01
3.927570069208741188e-01
3.690739977173507214e-01
5.445779970614239573e-01
3.923890035366639495e-01
4.077360063092783093e-01
3.468209906714037061e-01
7.584879931528121233e-01
1.214785996126011014e+00
8.851159946061670780e-01
4.023579967906698585e-01
5.068169994046911597e-01
4.599789972417056561e-01
3.860709985019639134e-01
3.825509920716285706e-01
3.703410038724541664e-01
7.049340056255459785e-01
1.173651995486579835e+00
1.273369009140878916e+00
1.097211003070697188e+00
1.025371006107889116e+00
7.448129908880218863e-01
8.016049978323280811e-01
7.653840002603828907e-01
7.793449913151562214e-01
8.015420025913044810e-01
7.371349929599091411e-01
7.791870011715218425e-01
7.711910002399235964e-01
7.577670039609074593e-01
8.002710092114284635e-01
6.967259978409856558e-01
4.271599900675937533e-01
3.511679969960823655e-01
4.043769877171143889e-01
4.487989936023950577e-01
3.359200054546818137e-01
4.063139931531623006e-01
8.171559893526136875e-01
4.604909918271005154e-01
4.868579999310895801e-01
3.972869890276342630e-01
3.534569987095892429e-01
3.522129991324618459e-01
4.336480051279067993e-01
4.044189990963786840e-01
3.467850037850439548e-01
3.792019997490569949e-01
3.893109969794750214e-01
4.300530126783996820e-01
4.667940083891153336e-01
4.700050048995763063e-01
5.315470043569803238e-01
3.875539987348020077e-01
4.191799962427467108e-01
3.761219995794817805e-01
4.260350106051191688e-01
4.323320026742294431e-01
4.009249969385564327e-01
4.390209942357614636e-01
3.599359915824607015e-01
4.067340050823986530e-01
3.945270000258460641e-01
3.576239978428930044e-01
3.459550061961635947e-01
3.962240007240325212e-01
3.329350001877173781e-01
3.414410020923241973e-01
3.482470056042075157e-01
4.003159992862492800e-01
3.535669966368004680e-01
3.301199903944507241e-01
3.662600065581500530e-01
3.493900003377348185e-01
3.623989905463531613e-01
3.520799946272745728e-01
4.053620068589225411e-01
3.875730035360902548e-01
3.643950039986521006e-01
3.609150007832795382e-01
3.552999987732619047e-01
3.785059961955994368e-01
3.664779942482709885e-01
3.499989979900419712e-01
3.753210039576515555e-01
4.707759944722056389e-01
3.878830029862001538e-01
3.987620002590119839e-01
3.940460010198876262e-01
3.599140036385506392e-01
3.899449948221445084e-01
3.441690059844404459e-01
5.474089994095265865e-01
5.440590030048042536e-01
5.153729871381074190e-01
5.101819988340139389e-01
5.971130012767389417e-01
5.090109916636720300e-01
3.474950062809512019e-01
3.472310054348781705e-01
3.444180038059130311e-01
3.520950122037902474e-01
4.281500005163252354e-01
3.363130090292543173e-01
3.369179903529584408e-01
3.303800040157511830e-01
3.317990049254149199e-01
3.460500010987743735e-01
3.308410086901858449e-01
3.332000051159411669e-01
3.381540009286254644e-01
3.524769999785348773e-01
3.577769966796040535e-01
3.513779956847429276e-01
